1651 9 11a0 0 2710 9
22358
22096
19772
17994
17332
17118
17682
19034
20394
21020
20766
20602
21088
21636
22122
22010
20200
17918
16856
16472
16728
17620
17512
16964
17660
18080
17676
18446
19456
19114
18992
19272
18640
18528
19630
19476
17826
17316
17852
17064
15854
17086
19438
19578
18628
19032
19552
19132
19110
19856
21314
23756
25290
24304
22904
22976
23470
23540
22804
20062
16688
16744
19804
20686
18640
17766
18392
17570
15498
14180
14240
15652
17360
17594
16450
15576
15974
17176
17710
17370
17348
17450
17444
18506
19436
18006
16350
17006
17644
15818
13446
13484
15508
16374
15138
14004
13714
13162
11984
9908
8124
9528
12766
13624
12942
13436
13982
13882
14080
13424
11574
11224
12988
13910
12742
11900
12728
13024
11556
10308
10128
9472
7804
6150
5656
6598
7992
9110
9708
9124
8446
9574
10998
11154
11616
12144
11418
11652
13922
15562
15570
15144
15290
16796
18614
19160
19190
18624
16398
14658
14860
14632
13310
12078
10210
8014
7200
6718
5328
4810
5754
5734
4404
4682
6640
6612
4470
3780
4760
5764
7276
8496
8110
7934
7998
6036
4542
6410
8230
7806
7970
8952
8594
8114
9160
10506
11094
10662
8448
5520
4520
5388
6300
7100
7538
6834
6578
7842
8224
7060
7432
10536
13766
13978
10898
7888
6958
6086
4862
4882
4420
2034
122
-720
-1862
-2340
-2238
-3782
-6176
-7050
-6790
-6302
-5374
-5214
-7248
-9230
-8192
-6656
-8416
-10616
-9380
-7218
-6730
-6456
-5890
-5278
-4310
-4856
-7094
-7130
-5046
-4894
-5838
-4924
-3894
-4652
-5172
-3932
-2278
-1494
22358
22096
19772
17994
17332
17118
17682
19034
20394
21020
20766
20602
21088
21636
22122
22010
20200
17918
16856
16472
16728
17620
17512
16964
17660
18080
17676
18446
19456
19114
18992
19272
18640
18528
19630
19476
17826
17316
17852
17064
15854
17086
19438
19578
18628
19032
19552
19132
19110
19856
21314
23756
25290
24304
22904
22976
23470
23540
22804
20062
16688
16744
19804
20686
18640
17766
18392
17570
15498
14180
14240
15652
17360
17594
16450
15576
15974
17176
17710
17370
17348
17450
17444
18506
19436
18006
16350
17006
17644
15818
13446
13484
15508
16374
15138
14004
13714
13162
11984
9908
8124
9528
12766
13624
12942
13436
13982
13882
14080
13424
11574
11224
12988
13910
12742
11900
12728
13024
11556
10308
10128
9472
7804
6150
5656
6598
7992
9110
9708
9124
8446
9574
10998
11154
11616
12144
11418
11652
13922
15562
15570
15144
15290
16796
18614
19160
19190
18624
16398
14658
14860
14632
13310
12078
10210
8014
7200
6718
5328
4810
5754
5734
4404
4682
6640
6612
4470
3780
4760
5764
7276
8496
8110
7934
7998
6036
4542
6410
8230
7806
7970
8952
8594
8114
9160
10506
11094
10662
8448
5520
4520
5388
6300
7100
7538
6834
6578
7842
8224
7060
7432
10536
13766
13978
10898
7888
6958
6086
4862
4882
4420
2034
122
-720
-1862
-2340
-2238
-3782
-6176
-7050
-6790
-6302
-5374
-5214
-7248
-9230
-8192
-6656
-8416
-10616
-9380
-7218
-6730
-6456
-5890
-5278
-4310
-4856
-7094
-7130
-5046
-4894
-5838
-4924
-3894
-4652
-5172
-3932
-2278
-1494
22358
22096
19772
17994
17332
17118
17682
19034
20394
21020
20766
20602
21088
21636
22122
22010
20200
17918
16856
16472
16728
17620
17512
16964
17660
18080
17676
18446
19456
19114
18992
19272
18640
18528
19630
19476
17826
17316
17852
17064
15854
17086
19438
19578
18628
19032
19552
19132
19110
19856
21314
23756
25290
24304
22904
22976
23470
23540
22804
20062
16688
16744
19804
20686
18640
17766
18392
17570
15498
14180
14240
15652
17360
17594
16450
15576
15974
17176
17710
17370
17348
17450
17444
18506
19436
18006
16350
17006
17644
15818
13446
13484
15508
16374
15138
14004
13714
13162
11984
9908
8124
9528
12766
13624
12942
13436
13982
13882
14080
13424
11574
11224
12988
13910
12742
11900
12728
13024
11556
10308
10128
9472
7804
6150
5656
6598
7992
9110
9708
9124
8446
9574
10998
11154
11616
12144
11418
11652
13922
15562
15570
15144
15290
16796
18614
19160
19190
18624
16398
14658
14860
14632
13310
12078
10210
8014
7200
6718
5328
4810
5754
5734
4404
4682
6640
6612
4470
3780
4760
5764
7276
8496
8110
7934
7998
6036
4542
6410
8230
7806
7970
8952
8594
8114
9160
10506
11094
10662
8448
5520
4520
5388
6300
7100
7538
6834
6578
7842
8224
7060
7432
10536
13766
13978
10898
7888
6958
6086
4862
4882
4420
2034
122
-720
-1862
-2340
-2238
-3782
-6176
-7050
-6790
-6302
-5374
-5214
-7248
-9230
-8192
-6656
-8416
-10616
-9380
-7218
-6730
-6456
-5890
-5278
-4310
-4856
-7094
-7130
-5046
-4894
-5838
-4924
-3894
-4652
-5172
-3932
-2278
-1494
22358
22096
19772
17994
17332
17118
17682
19034
20394
21020
20766
20602
21088
21636
22122
22010
20200
17918
16856
16472
16728
17620
17512
16964
17660
18080
17676
18446
19456
19114
18992
19272
18640
18528
19630
19476
17826
17316
17852
17064
15854
17086
19438
19578
18628
19032
19552
19132
19110
19856
21314
23756
25290
24304
22904
22976
23470
23540
22804
20062
16688
16744
19804
20686
18640
17766
18392
17570
15498
14180
14240
15652
17360
17594
16450
15576
15974
17176
17710
17370
17348
17450
17444
18506
19436
18006
16350
17006
17644
15818
13446
13484
15508
16374
15138
14004
13714
13162
11984
9908
8124
9528
12766
13624
12942
13436
13982
13882
14080
13424
11574
11224
12988
13910
12742
11900
12728
13024
11556
10308
10128
9472
7804
6150
5656
6598
7992
9110
9708
9124
8446
9574
10998
11154
11616
12144
11418
11652
13922
15562
15570
15144
15290
16796
18614
19160
19190
18624
16398
14658
14860
14632
13310
12078
10210
8014
7200
6718
5328
4810
5754
5734
4404
4682
6640
6612
4470
3780
4760
5764
7276
8496
8110
7934
7998
6036
4542
6410
8230
7806
7970
8952
8594
8114
9160
10506
11094
10662
8448
5520
4520
5388
6300
7100
7538
6834
6578
7842
8224
7060
7432
10536
13766
13978
10898
7888
6958
6086
4862
4882
4420
2034
122
-720
-1862
-2340
-2238
-3782
-6176
-7050
-6790
-6302
-5374
-5214
-7248
-9230
-8192
-6656
-8416
-10616
-9380
-7218
-6730
-6456
-5890
-5278
-4310
-4856
-7094
-7130
-5046
-4894
-5838
-4924
-3894
-4652
-5172
-3932
-2278
-1494
22358
22096
19772
17994
17332
17118
17682
19034
20394
21020
20766
20602
21088
21636
22122
22010
20200
17918
16856
16472
16728
17620
17512
16964
17660
18080
17676
18446
19456
19114
18992
19272
18640
18528
19630
19476
17826
17316
17852
17064
15854
17086
19438
19578
18628
19032
19552
19132
19110
19856
21314
23756
25290
24304
22904
22976
23470
23540
22804
20062
16688
16744
19804
20686
18640
17766
18392
17570
15498
14180
14240
15652
17360
17594
16450
15576
15974
17176
17710
17370
17348
17450
17444
18506
19436
18006
16350
17006
17644
15818
13446
13484
15508
16374
15138
14004
13714
13162
11984
9908
8124
9528
12766
13624
12942
13436
13982
13882
14080
13424
11574
11224
12988
13910
12742
11900
12728
13024
11556
10308
10128
9472
7804
6150
5656
6598
7992
9110
9708
9124
8446
9574
10998
11154
11616
12144
11418
11652
13922
15562
15570
15144
15290
16796
18614
19160
19190
18624
16398
14658
14860
14632
13310
12078
10210
8014
7200
6718
5328
4810
5754
5734
4404
4682
6640
6612
4470
3780
4760
5764
7276
8496
8110
7934
7998
6036
4542
6410
8230
7806
7970
8952
8594
8114
9160
10506
11094
10662
8448
5520
4520
5388
6300
7100
7538
6834
6578
7842
8224
7060
7432
10536
13766
13978
10898
7888
6958
6086
4862
4882
4420
2034
122
-720
-1862
-2340
-2238
-3782
-6176
-7050
-6790
-6302
-5374
-5214
-7248
-9230
-8192
-6656
-8416
-10616
-9380
-7218
-6730
-6456
-5890
-5278
-4310
-4856
-7094
-7130
-5046
-4894
-5838
-4924
-3894
-4652
-5172
-3932
-2278
-1494
22358
22096
19772
17994
17332
17118
17682
19034
20394
21020
20766
20602
21088
21636
22122
22010
20200
17918
16856
16472
16728
17620
17512
16964
17660
18080
17676
18446
19456
19114
18992
19272
18640
18528
19630
19476
17826
17316
17852
17064
15854
17086
19438
19578
18628
19032
19552
19132
19110
19856
21314
23756
25290
24304
22904
22976
23470
23540
22804
20062
16688
16744
19804
20686
18640
17766
18392
17570
15498
14180
14240
15652
17360
17594
16450
15576
15974
17176
17710
17370
17348
17450
17444
18506
19436
18006
16350
17006
17644
15818
13446
13484
15508
16374
15138
14004
13714
13162
11984
9908
8124
9528
12766
13624
12942
13436
13982
13882
14080
13424
11574
11224
12988
13910
12742
11900
12728
13024
11556
10308
10128
9472
7804
6150
5656
6598
7992
9110
9708
9124
8446
9574
10998
11154
11616
12144
11418
11652
13922
15562
15570
15144
15290
16796
18614
19160
19190
18624
16398
14658
14860
14632
13310
12078
10210
8014
7200
6718
5328
4810
5754
5734
4404
4682
6640
6612
4470
3780
4760
5764
7276
8496
8110
7934
7998
6036
4542
6410
8230
7806
7970
8952
8594
8114
9160
10506
11094
10662
8448
5520
4520
5388
6300
7100
7538
6834
6578
7842
8224
7060
7432
10536
13766
13978
10898
7888
6958
6086
4862
4882
4420
2034
122
-720
-1862
-2340
-2238
-3782
-6176
-7050
-6790
-6302
-5374
-5214
-7248
-9230
-8192
-6656
-8416
-10616
-9380
-7218
-6730
-6456
-5890
-5278
-4310
-4856
-7094
-7130
-5046
-4894
-5838
-4924
-3894
-4652
-5172
-3932
-2278
-1494
22358
22096
19772
17994
17332
17118
17682
19034
20394
21020
20766
20602
21088
21636
22122
22010
20200
17918
16856
16472
16728
17620
17512
16964
17660
18080
17676
18446
19456
19114
18992
19272
18640
18528
19630
19476
17826
17316
17852
17064
15854
17086
19438
19578
18628
19032
19552
19132
19110
19856
21314
23756
25290
24304
22904
22976
23470
23540
22804
20062
16688
16744
19804
20686
18640
17766
18392
17570
15498
14180
14240
15652
17360
17594
16450
15576
15974
17176
17710
17370
17348
17450
17444
18506
19436
18006
16350
17006
17644
15818
13446
13484
15508
16374
15138
14004
13714
13162
11984
9908
8124
9528
12766
13624
12942
13436
13982
13882
14080
13424
11574
11224
12988
13910
12742
11900
12728
13024
11556
10308
10128
9472
7804
6150
5656
6598
7992
9110
9708
9124
8446
9574
10998
11154
11616
12144
11418
11652
13922
15562
15570
15144
15290
16796
18614
19160
19190
18624
16398
14658
14860
14632
13310
12078
10210
8014
7200
6718
5328
4810
5754
5734
4404
4682
6640
6612
4470
3780
4760
5764
7276
8496
8110
7934
7998
6036
4542
6410
8230
7806
7970
8952
8594
8114
9160
10506
11094
10662
8448
5520
4520
5388
6300
7100
7538
6834
6578
7842
8224
7060
7432
10536
13766
13978
10898
7888
6958
6086
4862
4882
4420
2034
122
-720
-1862
-2340
-2238
-3782
-6176
-7050
-6790
-6302
-5374
-5214
-7248
-9230
-8192
-6656
-8416
-10616
-9380
-7218
-6730
-6456
-5890
-5278
-4310
-4856
-7094
-7130
-5046
-4894
-5838
-4924
-3894
-4652
-5172
-3932
-2278
-1494
22358
22096
19772
17994
17332
17118
17682
19034
20394
21020
20766
20602
21088
21636
22122
22010
20200
17918
16856
16472
16728
17620
17512
16964
17660
18080
17676
18446
19456
19114
18992
19272
18640
18528
19630
19476
17826
17316
17852
17064
15854
17086
19438
19578
18628
19032
19552
19132
19110
19856
21314
23756
25290
24304
22904
22976
23470
23540
22804
20062
16688
16744
19804
20686
18640
17766
18392
17570
15498
14180
14240
15652
17360
17594
16450
15576
15974
17176
17710
17370
17348
17450
17444
18506
19436
18006
16350
17006
17644
15818
13446
13484
15508
16374
15138
14004
13714
13162
11984
9908
8124
9528
12766
13624
12942
13436
13982
13882
14080
13424
11574
11224
12988
13910
12742
11900
12728
13024
11556
10308
10128
9472
7804
6150
5656
6598
7992
9110
9708
9124
8446
9574
10998
11154
11616
12144
11418
11652
13922
15562
15570
15144
15290
16796
18614
19160
19190
18624
16398
14658
14860
14632
13310
12078
10210
8014
7200
6718
5328
4810
5754
5734
4404
4682
6640
6612
4470
3780
4760
5764
7276
8496
8110
7934
7998
6036
4542
6410
8230
7806
7970
8952
8594
8114
9160
10506
11094
10662
8448
5520
4520
5388
6300
7100
7538
6834
6578
7842
8224
7060
7432
10536
13766
13978
10898
7888
6958
6086
4862
4882
4420
2034
122
-720
-1862
-2340
-2238
-3782
-6176
-7050
-6790
-6302
-5374
-5214
-7248
-9230
-8192
-6656
-8416
-10616
-9380
-7218
-6730
-6456
-5890
-5278
-4310
-4856
-7094
-7130
-5046
-4894
-5838
-4924
-3894
-4652
-5172
-3932
-2278
-1494
22358
22096
19772
17994
17332
17118
17682
19034
20394
21020
20766
20602
21088
21636
22122
22010
20200
17918
16856
16472
16728
17620
17512
16964
17660
18080
17676
18446
19456
19114
18992
19272
18640
18528
19630
19476
17826
17316
17852
17064
15854
17086
19438
19578
18628
19032
19552
19132
19110
19856
21314
23756
25290
24304
22904
22976
23470
23540
22804
20062
16688
16744
19804
20686
18640
17766
18392
17570
15498
14180
14240
15652
17360
17594
16450
15576
15974
17176
17710
17370
17348
17450
17444
18506
19436
18006
16350
17006
17644
15818
13446
13484
15508
16374
15138
14004
13714
13162
11984
9908
8124
9528
12766
13624
12942
13436
13982
13882
14080
13424
11574
11224
12988
13910
12742
11900
12728
13024
11556
10308
10128
9472
7804
6150
5656
6598
7992
9110
9708
9124
8446
9574
10998
11154
11616
12144
11418
11652
13922
15562
15570
15144
15290
16796
18614
19160
19190
18624
16398
14658
14860
14632
13310
12078
10210
8014
7200
6718
5328
4810
5754
5734
4404
4682
6640
6612
4470
3780
4760
5764
7276
8496
8110
7934
7998
6036
4542
6410
8230
7806
7970
8952
8594
8114
9160
10506
11094
10662
8448
5520
4520
5388
6300
7100
7538
6834
6578
7842
8224
7060
7432
10536
13766
13978
10898
7888
6958
6086
4862
4882
4420
2034
122
-720
-1862
-2340
-2238
-3782
-6176
-7050
-6790
-6302
-5374
-5214
-7248
-9230
-8192
-6656
-8416
-10616
-9380
-7218
-6730
-6456
-5890
-5278
-4310
-4856
-7094
-7130
-5046
-4894
-5838
-4924
-3894
-4652
-5172
-3932
-2278
-1494
22358
22096
19772
17994
17332
17118
17682
19034
20394
21020
20766
20602
21088
21636
22122
22010
20200
17918
16856
16472
16728
17620
17512
16964
17660
18080
17676
18446
19456
19114
18992
19272
18640
18528
19630
19476
17826
17316
17852
17064
15854
17086
19438
19578
18628
19032
19552
19132
19110
19856
21314
23756
25290
24304
22904
22976
23470
23540
22804
20062
16688
16744
19804
20686
18640
17766
18392
17570
15498
14180
14240
15652
17360
17594
16450
15576
15974
17176
17710
17370
17348
17450
17444
18506
19436
18006
16350
17006
17644
15818
13446
13484
15508
16374
15138
14004
13714
13162
11984
9908
8124
9528
12766
13624
12942
13436
13982
13882
14080
13424
11574
11224
12988
13910
12742
11900
12728
13024
11556
10308
10128
9472
7804
6150
5656
6598
7992
9110
9708
9124
8446
9574
10998
11154
11616
12144
11418
11652
13922
15562
15570
15144
15290
16796
18614
19160
19190
18624
16398
14658
14860
14632
13310
12078
10210
8014
7200
6718
5328
4810
5754
5734
4404
4682
6640
6612
4470
3780
4760
5764
7276
8496
8110
7934
7998
6036
4542
6410
8230
7806
7970
8952
8594
8114
9160
10506
11094
10662
8448
5520
4520
5388
6300
7100
7538
6834
6578
7842
8224
7060
7432
10536
13766
13978
10898
7888
6958
6086
4862
4882
4420
2034
122
-720
-1862
-2340
-2238
-3782
-6176
-7050
-6790
-6302
-5374
-5214
-7248
-9230
-8192
-6656
-8416
-10616
-9380
-7218
-6730
-6456
-5890
-5278
-4310
-4856
-7094
-7130
-5046
-4894
-5838
-4924
-3894
-4652
-5172
-3932
-2278
-1494
22358
22096
19772
17994
17332
17118
17682
19034
20394
21020
20766
20602
21088
21636
22122
22010
20200
17918
16856
16472
16728
17620
17512
16964
17660
18080
17676
18446
19456
19114
18992
19272
18640
18528
19630
19476
17826
17316
17852
17064
15854
17086
19438
19578
18628
19032
19552
19132
19110
19856
21314
23756
25290
24304
22904
22976
23470
23540
22804
20062
16688
16744
19804
20686
18640
17766
18392
17570
15498
14180
14240
15652
17360
17594
16450
15576
15974
17176
17710
17370
17348
17450
17444
18506
19436
18006
16350
17006
17644
15818
13446
13484
15508
16374
15138
14004
13714
13162
11984
9908
8124
9528
12766
13624
12942
13436
13982
13882
14080
13424
11574
11224
12988
13910
12742
11900
12728
13024
11556
10308
10128
9472
7804
6150
5656
6598
7992
9110
9708
9124
8446
9574
10998
11154
11616
12144
11418
11652
13922
15562
15570
15144
15290
16796
18614
19160
19190
18624
16398
14658
14860
14632
13310
12078
10210
8014
7200
6718
5328
4810
5754
5734
4404
4682
6640
6612
4470
3780
4760
5764
7276
8496
8110
7934
7998
6036
4542
6410
8230
7806
7970
8952
8594
8114
9160
10506
11094
10662
8448
5520
4520
5388
6300
7100
7538
6834
6578
7842
8224
7060
7432
10536
13766
13978
10898
7888
6958
6086
4862
4882
4420
2034
122
-720
-1862
-2340
-2238
-3782
-6176
-7050
-6790
-6302
-5374
-5214
-7248
-9230
-8192
-6656
-8416
-10616
-9380
-7218
-6730
-6456
-5890
-5278
-4310
-4856
-7094
-7130
-5046
-4894
-5838
-4924
-3894
-4652
-5172
-3932
-2278
-1494
22358
22096
19772
17994
17332
17118
17682
19034
20394
21020
20766
20602
21088
21636
22122
22010
20200
17918
16856
16472
16728
17620
17512
16964
17660
18080
17676
18446
19456
19114
18992
19272
18640
18528
19630
19476
17826
17316
17852
17064
15854
17086
19438
19578
18628
19032
19552
19132
19110
19856
21314
23756
25290
24304
22904
22976
23470
23540
22804
20062
16688
16744
19804
20686
18640
17766
18392
17570
15498
14180
14240
15652
17360
17594
16450
15576
15974
17176
17710
17370
17348
17450
17444
18506
19436
18006
16350
17006
17644
15818
13446
13484
15508
16374
15138
14004
13714
13162
11984
9908
8124
9528
12766
13624
12942
13436
13982
13882
14080
13424
11574
11224
12988
13910
12742
11900
12728
13024
11556
10308
10128
9472
7804
6150
5656
6598
7992
9110
9708
9124
8446
9574
10998
11154
11616
12144
11418
11652
13922
15562
15570
15144
15290
16796
18614
19160
19190
18624
16398
14658
14860
14632
13310
12078
10210
8014
7200
6718
5328
4810
5754
5734
4404
4682
6640
6612
4470
3780
4760
5764
7276
8496
8110
7934
7998
6036
4542
6410
8230
7806
7970
8952
8594
8114
9160
10506
11094
10662
8448
5520
4520
5388
6300
7100
7538
6834
6578
7842
8224
7060
7432
10536
13766
13978
10898
7888
6958
6086
4862
4882
4420
2034
122
-720
-1862
-2340
-2238
-3782
-6176
-7050
-6790
-6302
-5374
-5214
-7248
-9230
-8192
-6656
-8416
-10616
-9380
-7218
-6730
-6456
-5890
-5278
-4310
-4856
-7094
-7130
-5046
-4894
-5838
-4924
-3894
-4652
-5172
-3932
-2278
-1494
22358
22096
19772
17994
17332
17118
17682
19034
20394
21020
20766
20602
21088
21636
22122
22010
20200
17918
16856
16472
16728
17620
17512
16964
17660
18080
17676
18446
19456
19114
18992
19272
18640
18528
19630
19476
17826
17316
17852
17064
15854
17086
19438
19578
18628
19032
19552
19132
19110
19856
21314
23756
25290
24304
22904
22976
23470
23540
22804
20062
16688
16744
19804
20686
18640
17766
18392
17570
15498
14180
14240
15652
17360
17594
16450
15576
15974
17176
17710
17370
17348
17450
17444
18506
19436
18006
16350
17006
17644
15818
13446
13484
15508
16374
15138
14004
13714
13162
11984
9908
8124
9528
12766
13624
12942
13436
13982
13882
14080
13424
11574
11224
12988
13910
12742
11900
12728
13024
11556
10308
10128
9472
7804
6150
5656
6598
7992
9110
9708
9124
8446
9574
10998
11154
11616
12144
11418
11652
13922
15562
15570
15144
15290
16796
18614
19160
19190
18624
16398
14658
14860
14632
13310
12078
10210
8014
7200
6718
5328
4810
5754
5734
4404
4682
6640
6612
4470
3780
4760
5764
7276
8496
8110
7934
7998
6036
4542
6410
8230
7806
7970
8952
8594
8114
9160
10506
11094
10662
8448
5520
4520
5388
6300
7100
7538
6834
6578
7842
8224
7060
7432
10536
13766
13978
10898
7888
6958
6086
4862
4882
4420
2034
122
-720
-1862
-2340
-2238
-3782
-6176
-7050
-6790
-6302
-5374
-5214
-7248
-9230
-8192
-6656
-8416
-10616
-9380
-7218
-6730
-6456
-5890
-5278
-4310
-4856
-7094
-7130
-5046
-4894
-5838
-4924
-3894
-4652
-5172
-3932
-2278
-1494
22358
22096
19772
17994
17332
17118
17682
19034
20394
21020
20766
20602
21088
21636
22122
22010
20200
17918
16856
16472
16728
17620
17512
16964
17660
18080
17676
18446
19456
19114
18992
19272
18640
18528
19630
19476
17826
17316
17852
17064
15854
17086
19438
19578
18628
19032
19552
19132
19110
19856
21314
23756
25290
24304
22904
22976
23470
23540
22804
20062
16688
16744
19804
20686
18640
17766
18392
17570
15498
14180
14240
15652
17360
17594
16450
15576
15974
17176
17710
17370
17348
17450
17444
18506
19436
18006
16350
17006
17644
15818
13446
13484
15508
16374
15138
14004
13714
13162
11984
9908
8124
9528
12766
13624
12942
13436
13982
13882
14080
13424
11574
11224
12988
13910
12742
11900
12728
13024
11556
10308
10128
9472
7804
6150
5656
6598
7992
9110
9708
9124
8446
9574
10998
11154
11616
12144
11418
11652
13922
15562
15570
15144
15290
16796
18614
19160
19190
18624
16398
14658
14860
14632
13310
12078
10210
8014
7200
6718
5328
4810
5754
5734
4404
4682
6640
6612
4470
3780
4760
5764
7276
8496
8110
7934
7998
6036
4542
6410
8230
7806
7970
8952
8594
8114
9160
10506
11094
10662
8448
5520
4520
5388
6300
7100
7538
6834
6578
7842
8224
7060
7432
10536
13766
13978
10898
7888
6958
6086
4862
4882
4420
2034
122
-720
-1862
-2340
-2238
-3782
-6176
-7050
-6790
-6302
-5374
-5214
-7248
-9230
-8192
-6656
-8416
-10616
-9380
-7218
-6730
-6456
-5890
-5278
-4310
-4856
-7094
-7130
-5046
-4894
-5838
-4924
-3894
-4652
-5172
-3932
-2278
-1494
22358
22096
19772
17994
17332
17118
17682
19034
20394
21020
20766
20602
21088
21636
22122
22010
20200
17918
16856
16472
16728
17620
17512
16964
17660
18080
17676
18446
19456
19114
18992
19272
18640
18528
19630
19476
17826
17316
17852
17064
15854
17086
19438
19578
18628
19032
19552
19132
19110
19856
21314
23756
25290
24304
22904
22976
23470
23540
22804
20062
16688
16744
19804
20686
18640
17766
18392
17570
15498
14180
14240
15652
17360
17594
16450
15576
15974
17176
17710
17370
17348
17450
17444
18506
19436
18006
16350
17006
17644
15818
13446
13484
15508
16374
15138
14004
13714
13162
11984
9908
8124
9528
12766
13624
12942
13436
13982
13882
14080
13424
11574
11224
12988
13910
12742
11900
12728
13024
11556
10308
10128
9472
7804
6150
5656
6598
7992
9110
9708
9124
8446
9574
10998
11154
11616
12144
11418
11652
13922
15562
15570
15144
15290
16796
18614
19160
19190
18624
16398
14658
14860
14632
13310
12078
10210
8014
7200
6718
5328
4810
5754
5734
4404
4682
6640
6612
4470
3780
4760
5764
7276
8496
8110
7934
7998
6036
4542
6410
8230
7806
7970
8952
8594
8114
9160
10506
11094
10662
8448
5520
4520
5388
6300
7100
7538
6834
6578
7842
8224
7060
7432
10536
13766
13978
10898
7888
6958
6086
4862
4882
4420
2034
122
-720
-1862
-2340
-2238
-3782
-6176
-7050
-6790
-6302
-5374
-5214
-7248
-9230
-8192
-6656
-8416
-10616
-9380
-7218
-6730
-6456
-5890
-5278
-4310
-4856
-7094
-7130
-5046
-4894
-5838
-4924
-3894
-4652
-5172
-3932
-2278
-1494
22358
22096
19772
17994
17332
17118
17682
19034
20394
21020
20766
20602
21088
21636
22122
22010
20200
17918
16856
16472
16728
17620
17512
16964
17660
18080
17676
18446
19456
19114
18992
19272
18640
18528
19630
19476
17826
17316
17852
17064
15854
17086
19438
19578
18628
19032
19552
19132
19110
19856
21314
23756
25290
24304
22904
22976
23470
23540
22804
20062
16688
16744
19804
20686
18640
17766
18392
17570
15498
14180
14240
15652
17360
17594
16450
15576
15974
17176
17710
17370
17348
17450
17444
18506
19436
18006
16350
17006
17644
15818
13446
13484
15508
16374
15138
14004
13714
13162
11984
9908
8124
9528
12766
13624
12942
13436
13982
13882
14080
13424
11574
11224
12988
13910
12742
11900
12728
13024
11556
10308
10128
9472
7804
6150
5656
6598
7992
9110
9708
9124
8446
9574
10998
11154
11616
12144
11418
11652
13922
15562
15570
15144
15290
16796
18614
19160
19190
18624
16398
14658
14860
14632
13310
12078
10210
8014
7200
6718
5328
4810
5754
5734
4404
4682
6640
6612
4470
3780
4760
5764
7276
8496
8110
7934
7998
6036
4542
6410
8230
7806
7970
8952
8594
8114
9160
10506
11094
10662
8448
5520
4520
5388
6300
7100
7538
6834
6578
7842
8224
7060
7432
10536
13766
13978
10898
7888
6958
6086
4862
4882
4420
2034
122
-720
-1862
-2340
-2238
-3782
-6176
-7050
-6790
-6302
-5374
-5214
-7248
-9230
-8192
-6656
-8416
-10616
-9380
-7218
-6730
-6456
-5890
-5278
-4310
-4856
-7094
-7130
-5046
-4894
-5838
-4924
-3894
-4652
-5172
-3932
-2278
-1494
22358
22096
19772
17994
17332
17118
17682
19034
20394
21020
20766
20602
21088
21636
22122
22010
20200
17918
16856
16472
16728
17620
17512
16964
17660
18080
17676
18446
19456
19114
18992
19272
18640
18528
19630
19476
17826
17316
17852
17064
15854
17086
19438
19578
18628
19032
19552
19132
19110
19856
21314
23756
25290
24304
22904
22976
23470
23540
22804
20062
16688
16744
19804
20686
18640
17766
18392
17570
15498
14180
14240
15652
17360
17594
16450
15576
15974
17176
17710
17370
17348
17450
17444
18506
19436
18006
16350
17006
17644
15818
13446
13484
15508
16374
15138
14004
13714
13162
11984
9908
8124
9528
12766
13624
12942
13436
13982
13882
14080
13424
11574
11224
12988
13910
12742
11900
12728
13024
11556
10308
10128
9472
7804
6150
5656
6598
7992
9110
9708
9124
8446
9574
10998
11154
11616
12144
11418
11652
13922
15562
15570
15144
15290
16796
18614
19160
19190
18624
16398
14658
14860
14632
13310
12078
10210
8014
7200
6718
5328
4810
5754
5734
4404
4682
6640
6612
4470
3780
4760
5764
7276
8496
8110
7934
7998
6036
4542
6410
8230
7806
7970
8952
8594
8114
9160
10506
11094
10662
8448
5520
4520
5388
6300
7100
7538
6834
6578
7842
8224
7060
7432
10536
13766
13978
10898
7888
6958
6086
4862
4882
4420
2034
122
-720
-1862
-2340
-2238
-3782
-6176
-7050
-6790
-6302
-5374
-5214
-7248
-9230
-8192
-6656
-8416
-10616
-9380
-7218
-6730
-6456
-5890
-5278
-4310
-4856
-7094
-7130
-5046
-4894
-5838
-4924
-3894
-4652
-5172
-3932
-2278
-1494
22358
22096
19772
17994
17332
17118
17682
19034
20394
21020
20766
20602
21088
21636
22122
22010
20200
17918
16856
16472
16728
17620
17512
16964
17660
18080
17676
18446
19456
19114
18992
19272
18640
18528
19630
19476
17826
17316
17852
17064
15854
17086
19438
19578
18628
19032
19552
19132
19110
19856
21314
23756
25290
24304
22904
22976
23470
23540
22804
20062
16688
16744
19804
20686
18640
17766
18392
17570
15498
14180
14240
15652
17360
17594
16450
15576
15974
17176
17710
17370
17348
17450
17444
18506
19436
18006
16350
17006
17644
15818
13446
13484
15508
16374
15138
14004
13714
13162
11984
9908
8124
9528
12766
13624
12942
13436
13982
13882
14080
13424
11574
11224
12988
13910
12742
11900
12728
13024
11556
10308
10128
9472
7804
6150
5656
6598
7992
9110
9708
9124
8446
9574
10998
11154
11616
12144
11418
11652
13922
15562
15570
15144
15290
16796
18614
19160
19190
18624
16398
14658
14860
14632
13310
12078
10210
8014
7200
6718
5328
4810
5754
5734
4404
4682
6640
6612
4470
3780
4760
5764
7276
8496
8110
7934
7998
6036
4542
6410
8230
7806
7970
8952
8594
8114
9160
10506
11094
10662
8448
5520
4520
5388
6300
7100
7538
6834
6578
7842
8224
7060
7432
10536
13766
13978
10898
7888
6958
6086
4862
4882
4420
2034
122
-720
-1862
-2340
-2238
-3782
-6176
-7050
-6790
-6302
-5374
-5214
-7248
-9230
-8192
-6656
-8416
-10616
-9380
-7218
-6730
-6456
-5890
-5278
-4310
-4856
-7094
-7130
-5046
-4894
-5838
-4924
-3894
-4652
-5172
-3932
-2278
-1494
22358
22096
19772
17994
17332
17118
17682
19034
20394
21020
20766
20602
21088
21636
22122
22010
20200
17918
16856
16472
16728
17620
17512
16964
17660
18080
17676
18446
19456
19114
18992
19272
18640
18528
19630
19476
17826
17316
17852
17064
15854
17086
19438
19578
18628
19032
19552
19132
19110
19856
21314
23756
25290
24304
22904
22976
23470
23540
22804
20062
16688
16744
19804
20686
18640
17766
18392
17570
15498
14180
14240
15652
17360
17594
16450
15576
15974
17176
17710
17370
17348
17450
17444
18506
19436
18006
16350
17006
17644
15818
13446
13484
15508
16374
15138
14004
13714
13162
11984
9908
8124
9528
12766
13624
12942
13436
13982
13882
14080
13424
11574
11224
12988
13910
12742
11900
12728
13024
11556
10308
10128
9472
7804
6150
5656
6598
7992
9110
9708
9124
8446
9574
10998
11154
11616
12144
11418
11652
13922
15562
15570
15144
15290
16796
18614
19160
19190
18624
16398
14658
14860
14632
13310
12078
10210
8014
7200
6718
5328
4810
5754
5734
4404
4682
6640
6612
4470
3780
4760
5764
7276
8496
8110
7934
7998
6036
4542
6410
8230
7806
7970
8952
8594
8114
9160
10506
11094
10662
8448
5520
4520
5388
6300
7100
7538
6834
6578
7842
8224
7060
7432
10536
13766
13978
10898
7888
6958
6086
4862
4882
4420
2034
122
-720
-1862
-2340
-2238
-3782
-6176
-7050
-6790
-6302
-5374
-5214
-7248
-9230
-8192
-6656
-8416
-10616
-9380
-7218
-6730
-6456
-5890
-5278
-4310
-4856
-7094
-7130
-5046
-4894
-5838
-4924
-3894
-4652
-5172
-3932
-2278
-1494
22358
22096
19772
17994
17332
17118
17682
19034
20394
21020
20766
20602
21088
21636
22122
22010
20200
17918
16856
16472
16728
17620
17512
16964
17660
18080
17676
18446
19456
19114
18992
19272
18640
18528
19630
19476
17826
17316
17852
17064
15854
17086
19438
19578
18628
19032
19552
19132
19110
19856
21314
23756
25290
24304
22904
22976
23470
23540
22804
20062
16688
16744
19804
20686
18640
17766
18392
17570
15498
14180
14240
15652
17360
17594
16450
15576
15974
17176
17710
17370
17348
17450
17444
18506
19436
18006
16350
17006
17644
15818
13446
13484
15508
16374
15138
14004
13714
13162
11984
9908
8124
9528
12766
13624
12942
13436
13982
13882
14080
13424
11574
11224
12988
13910
12742
11900
12728
13024
11556
10308
10128
9472
7804
6150
5656
6598
7992
9110
9708
9124
8446
9574
10998
11154
11616
12144
11418
11652
13922
15562
15570
15144
15290
16796
18614
19160
19190
18624
16398
14658
14860
14632
13310
12078
10210
8014
7200
6718
5328
4810
5754
5734
4404
4682
6640
6612
4470
3780
4760
5764
7276
8496
8110
7934
7998
6036
4542
6410
8230
7806
7970
8952
8594
8114
9160
10506
11094
10662
8448
5520
4520
5388
6300
7100
7538
6834
6578
7842
8224
7060
7432
10536
13766
13978
10898
7888
6958
6086
4862
4882
4420
2034
122
-720
-1862
-2340
-2238
-3782
-6176
-7050
-6790
-6302
-5374
-5214
-7248
-9230
-8192
-6656
-8416
-10616
-9380
-7218
-6730
-6456
-5890
-5278
-4310
-4856
-7094
-7130
-5046
-4894
-5838
-4924
-3894
-4652
-5172
-3932
-2278
-1494
22358
22096
19772
17994
17332
17118
17682
19034
20394
21020
20766
20602
21088
21636
22122
22010
20200
17918
16856
16472
16728
17620
17512
16964
17660
18080
17676
18446
19456
19114
18992
19272
18640
18528
19630
19476
17826
17316
17852
17064
15854
17086
19438
19578
18628
19032
19552
19132
19110
19856
21314
23756
25290
24304
22904
22976
23470
23540
22804
20062
16688
16744
19804
20686
18640
17766
18392
17570
15498
14180
14240
15652
17360
17594
16450
15576
15974
17176
17710
17370
17348
17450
17444
18506
19436
18006
16350
17006
17644
15818
13446
13484
15508
16374
15138
14004
13714
13162
11984
9908
8124
9528
12766
13624
12942
13436
13982
13882
14080
13424
11574
11224
12988
13910
12742
11900
12728
13024
11556
10308
10128
9472
7804
6150
5656
6598
7992
9110
9708
9124
8446
9574
10998
11154
11616
12144
11418
11652
13922
15562
15570
15144
15290
16796
18614
19160
19190
18624
16398
14658
14860
14632
13310
12078
10210
8014
7200
6718
5328
4810
5754
5734
4404
4682
6640
6612
4470
3780
4760
5764
7276
8496
8110
7934
7998
6036
4542
6410
8230
7806
7970
8952
8594
8114
9160
10506
11094
10662
8448
5520
4520
5388
6300
7100
7538
6834
6578
7842
8224
7060
7432
10536
13766
13978
10898
7888
6958
6086
4862
4882
4420
2034
122
-720
-1862
-2340
-2238
-3782
-6176
-7050
-6790
-6302
-5374
-5214
-7248
-9230
-8192
-6656
-8416
-10616
-9380
-7218
-6730
-6456
-5890
-5278
-4310
-4856
-7094
-7130
-5046
-4894
-5838
-4924
-3894
-4652
-5172
-3932
-2278
-1494
22358
22096
19772
17994
17332
17118
17682
19034
20394
21020
20766
20602
21088
21636
22122
22010
20200
17918
16856
16472
16728
17620
17512
16964
17660
18080
17676
18446
19456
19114
18992
19272
18640
18528
19630
19476
17826
17316
17852
17064
15854
17086
19438
19578
18628
19032
19552
19132
19110
19856
21314
23756
25290
24304
22904
22976
23470
23540
22804
20062
16688
16744
19804
20686
18640
17766
18392
17570
15498
14180
14240
15652
17360
17594
16450
15576
15974
17176
17710
17370
17348
17450
17444
18506
19436
18006
16350
17006
17644
15818
13446
13484
15508
16374
15138
14004
13714
13162
11984
9908
8124
9528
12766
13624
12942
13436
13982
13882
14080
13424
11574
11224
12988
13910
12742
11900
12728
13024
11556
10308
10128
9472
7804
6150
5656
6598
7992
9110
9708
9124
8446
9574
10998
11154
11616
12144
11418
11652
13922
15562
15570
15144
15290
16796
18614
19160
19190
18624
16398
14658
14860
14632
13310
12078
10210
8014
7200
6718
5328
4810
5754
5734
4404
4682
6640
6612
4470
3780
4760
5764
7276
8496
8110
7934
7998
6036
4542
6410
8230
7806
7970
8952
8594
8114
9160
10506
11094
10662
8448
5520
4520
5388
6300
7100
7538
6834
6578
7842
8224
7060
7432
10536
13766
13978
10898
7888
6958
6086
4862
4882
4420
2034
122
-720
-1862
-2340
-2238
-3782
-6176
-7050
-6790
-6302
-5374
-5214
-7248
-9230
-8192
-6656
-8416
-10616
-9380
-7218
-6730
-6456
-5890
-5278
-4310
-4856
-7094
-7130
-5046
-4894
-5838
-4924
-3894
-4652
-5172
-3932
-2278
-1494
22358
22096
19772
17994
17332
17118
17682
19034
20394
21020
20766
20602
21088
21636
22122
22010
20200
17918
16856
16472
16728
17620
17512
16964
17660
18080
17676
18446
19456
19114
18992
19272
18640
18528
19630
19476
17826
17316
17852
17064
15854
17086
19438
19578
18628
19032
19552
19132
19110
19856
21314
23756
25290
24304
22904
22976
23470
23540
22804
20062
16688
16744
19804
20686
18640
17766
18392
17570
15498
14180
14240
15652
17360
17594
16450
15576
15974
17176
17710
17370
17348
17450
17444
18506
19436
18006
16350
17006
17644
15818
13446
13484
15508
16374
15138
14004
13714
13162
11984
9908
8124
9528
12766
13624
12942
13436
13982
13882
14080
13424
11574
11224
12988
13910
12742
11900
12728
13024
11556
10308
10128
9472
7804
6150
5656
6598
7992
9110
9708
9124
8446
9574
10998
11154
11616
12144
11418
11652
13922
15562
15570
15144
15290
16796
18614
19160
19190
18624
16398
14658
14860
14632
13310
12078
10210
8014
7200
6718
5328
4810
5754
5734
4404
4682
6640
6612
4470
3780
4760
5764
7276
8496
8110
7934
7998
6036
4542
6410
8230
7806
7970
8952
8594
8114
9160
10506
11094
10662
8448
5520
4520
5388
6300
7100
7538
6834
6578
7842
8224
7060
7432
10536
13766
13978
10898
7888
6958
6086
4862
4882
4420
2034
122
-720
-1862
-2340
-2238
-3782
-6176
-7050
-6790
-6302
-5374
-5214
-7248
-9230
-8192
-6656
-8416
-10616
-9380
-7218
-6730
-6456
-5890
-5278
-4310
-4856
-7094
-7130
-5046
-4894
-5838
-4924
-3894
-4652
-5172
-3932
-2278
-1494
22358
22096
19772
17994
17332
17118
17682
19034
20394
21020
20766
20602
21088
21636
22122
22010
20200
17918
16856
16472
16728
17620
17512
16964
17660
18080
17676
18446
19456
19114
18992
19272
18640
18528
19630
19476
17826
17316
17852
17064
15854
17086
19438
19578
18628
19032
19552
19132
19110
19856
21314
23756
25290
24304
22904
22976
23470
23540
22804
20062
16688
16744
19804
20686
18640
17766
18392
17570
15498
14180
14240
15652
17360
17594
16450
15576
15974
17176
17710
17370
17348
17450
17444
18506
19436
18006
16350
17006
17644
15818
13446
13484
15508
16374
15138
14004
13714
13162
11984
9908
8124
9528
12766
13624
12942
13436
13982
13882
14080
13424
11574
11224
12988
13910
12742
11900
12728
13024
11556
10308
10128
9472
7804
6150
5656
6598
7992
9110
9708
9124
8446
9574
10998
11154
11616
12144
11418
11652
13922
15562
15570
15144
15290
16796
18614
19160
19190
18624
16398
14658
14860
14632
13310
12078
10210
8014
7200
6718
5328
4810
5754
5734
4404
4682
6640
6612
4470
3780
4760
5764
7276
8496
8110
7934
7998
6036
4542
6410
8230
7806
7970
8952
8594
8114
9160
10506
11094
10662
8448
5520
4520
5388
6300
7100
7538
6834
6578
7842
8224
7060
7432
10536
13766
13978
10898
7888
6958
6086
4862
4882
4420
2034
122
-720
-1862
-2340
-2238
-3782
-6176
-7050
-6790
-6302
-5374
-5214
-7248
-9230
-8192
-6656
-8416
-10616
-9380
-7218
-6730
-6456
-5890
-5278
-4310
-4856
-7094
-7130
-5046
-4894
-5838
-4924
-3894
-4652
-5172
-3932
-2278
-1494
22358
22096
19772
17994
17332
17118
17682
19034
20394
21020
20766
20602
21088
21636
22122
22010
20200
17918
16856
16472
16728
17620
17512
16964
17660
18080
17676
18446
19456
19114
18992
19272
18640
18528
19630
19476
17826
17316
17852
17064
15854
17086
19438
19578
18628
19032
19552
19132
19110
19856
21314
23756
25290
24304
22904
22976
23470
23540
22804
20062
16688
16744
19804
20686
18640
17766
18392
17570
15498
14180
14240
15652
17360
17594
16450
15576
15974
17176
17710
17370
17348
17450
17444
18506
19436
18006
16350
17006
17644
15818
13446
13484
15508
16374
15138
14004
13714
13162
11984
9908
8124
9528
12766
13624
12942
13436
13982
13882
14080
13424
11574
11224
12988
13910
12742
11900
12728
13024
11556
10308
10128
9472
7804
6150
5656
6598
7992
9110
9708
9124
8446
9574
10998
11154
11616
12144
11418
11652
13922
15562
15570
15144
15290
16796
18614
19160
19190
18624
16398
14658
14860
14632
13310
12078
10210
8014
7200
6718
5328
4810
5754
5734
4404
4682
6640
6612
4470
3780
4760
5764
7276
8496
8110
7934
7998
6036
4542
6410
8230
7806
7970
8952
8594
8114
9160
10506
11094
10662
8448
5520
4520
5388
6300
7100
7538
6834
6578
7842
8224
7060
7432
10536
13766
13978
10898
7888
6958
6086
4862
4882
4420
2034
122
-720
-1862
-2340
-2238
-3782
-6176
-7050
-6790
-6302
-5374
-5214
-7248
-9230
-8192
-6656
-8416
-10616
-9380
-7218
-6730
-6456
-5890
-5278
-4310
-4856
-7094
-7130
-5046
-4894
-5838
-4924
-3894
-4652
-5172
-3932
-2278
-1494
22358
22096
19772
17994
17332
17118
17682
19034
20394
21020
20766
20602
21088
21636
22122
22010
20200
17918
16856
16472
16728
17620
17512
16964
17660
18080
17676
18446
19456
19114
18992
19272
18640
18528
19630
19476
17826
17316
17852
17064
15854
17086
19438
19578
18628
19032
19552
19132
19110
19856
21314
23756
25290
24304
22904
22976
23470
23540
22804
20062
16688
16744
19804
20686
18640
17766
18392
17570
15498
14180
14240
15652
17360
17594
16450
15576
15974
17176
17710
17370
17348
17450
17444
18506
19436
18006
16350
17006
17644
15818
13446
13484
15508
16374
15138
14004
13714
13162
11984
9908
8124
9528
12766
13624
12942
13436
13982
13882
14080
13424
11574
11224
12988
13910
12742
11900
12728
13024
11556
10308
10128
9472
7804
6150
5656
6598
7992
9110
9708
9124
8446
9574
10998
11154
11616
12144
11418
11652
13922
15562
15570
15144
15290
16796
18614
19160
19190
18624
16398
14658
14860
14632
13310
12078
10210
8014
7200
6718
5328
4810
5754
5734
4404
4682
6640
6612
4470
3780
4760
5764
7276
8496
8110
7934
7998
6036
4542
6410
8230
7806
7970
8952
8594
8114
9160
10506
11094
10662
8448
5520
4520
5388
6300
7100
7538
6834
6578
7842
8224
7060
7432
10536
13766
13978
10898
7888
6958
6086
4862
4882
4420
2034
122
-720
-1862
-2340
-2238
-3782
-6176
-7050
-6790
-6302
-5374
-5214
-7248
-9230
-8192
-6656
-8416
-10616
-9380
-7218
-6730
-6456
-5890
-5278
-4310
-4856
-7094
-7130
-5046
-4894
-5838
-4924
-3894
-4652
-5172
-3932
-2278
-1494
22358
22096
19772
17994
17332
17118
17682
19034
20394
21020
20766
20602
21088
21636
22122
22010
20200
17918
16856
16472
16728
17620
17512
16964
17660
18080
17676
18446
19456
19114
18992
19272
18640
18528
19630
19476
17826
17316
17852
17064
15854
17086
19438
19578
18628
19032
19552
19132
19110
19856
21314
23756
25290
24304
22904
22976
23470
23540
22804
20062
16688
16744
19804
20686
18640
17766
18392
17570
15498
14180
14240
15652
17360
17594
16450
15576
15974
17176
17710
17370
17348
17450
17444
18506
19436
18006
16350
17006
17644
15818
13446
13484
15508
16374
15138
14004
13714
13162
11984
9908
8124
9528
12766
13624
12942
13436
13982
13882
14080
13424
11574
11224
12988
13910
12742
11900
12728
13024
11556
10308
10128
9472
7804
6150
5656
6598
7992
9110
9708
9124
8446
9574
10998
11154
11616
12144
11418
11652
13922
15562
15570
15144
15290
16796
18614
19160
19190
18624
16398
14658
14860
14632
13310
12078
10210
8014
7200
6718
5328
4810
5754
5734
4404
4682
6640
6612
4470
3780
4760
5764
7276
8496
8110
7934
7998
6036
4542
6410
8230
7806
7970
8952
8594
8114
9160
10506
11094
10662
8448
5520
4520
5388
6300
7100
7538
6834
6578
7842
8224
7060
7432
10536
13766
13978
10898
7888
6958
6086
4862
4882
4420
2034
122
-720
-1862
-2340
-2238
-3782
-6176
-7050
-6790
-6302
-5374
-5214
-7248
-9230
-8192
-6656
-8416
-10616
-9380
-7218
-6730
-6456
-5890
-5278
-4310
-4856
-7094
-7130
-5046
-4894
-5838
-4924
-3894
-4652
-5172
-3932
-2278
-1494
22358
22096
19772
17994
17332
17118
17682
19034
20394
21020
20766
20602
21088
21636
22122
22010
20200
17918
16856
16472
16728
17620
17512
16964
17660
18080
17676
18446
19456
19114
18992
19272
18640
18528
19630
19476
17826
17316
17852
17064
15854
17086
19438
19578
18628
19032
19552
19132
19110
19856
21314
23756
25290
24304
22904
22976
23470
23540
22804
20062
16688
16744
19804
20686
18640
17766
18392
17570
15498
14180
14240
15652
17360
17594
16450
15576
15974
17176
17710
17370
17348
17450
17444
18506
19436
18006
16350
17006
17644
15818
13446
13484
15508
16374
15138
14004
13714
13162
11984
9908
8124
9528
12766
13624
12942
13436
13982
13882
14080
13424
11574
11224
12988
13910
12742
11900
12728
13024
11556
10308
10128
9472
7804
6150
5656
6598
7992
9110
9708
9124
8446
9574
10998
11154
11616
12144
11418
11652
13922
15562
15570
15144
15290
16796
18614
19160
19190
18624
16398
14658
14860
14632
13310
12078
10210
8014
7200
6718
5328
4810
5754
5734
4404
4682
6640
6612
4470
3780
4760
5764
7276
8496
8110
7934
7998
6036
4542
6410
8230
7806
7970
8952
8594
8114
9160
10506
11094
10662
8448
5520
4520
5388
6300
7100
7538
6834
6578
7842
8224
7060
7432
10536
13766
13978
10898
7888
6958
6086
4862
4882
4420
2034
122
-720
-1862
-2340
-2238
-3782
-6176
-7050
-6790
-6302
-5374
-5214
-7248
-9230
-8192
-6656
-8416
-10616
-9380
-7218
-6730
-6456
-5890
-5278
-4310
-4856
-7094
-7130
-5046
-4894
-5838
-4924
-3894
-4652
-5172
-3932
-2278
-1494
22358
22096
19772
17994
17332
17118
17682
19034
20394
21020
20766
20602
21088
21636
22122
22010
20200
17918
16856
16472
16728
17620
17512
16964
17660
18080
17676
18446
19456
19114
18992
19272
18640
18528
19630
19476
17826
17316
17852
17064
15854
17086
19438
19578
18628
19032
19552
19132
19110
19856
21314
23756
25290
24304
22904
22976
23470
23540
22804
20062
16688
16744
19804
20686
18640
17766
18392
17570
15498
14180
14240
15652
17360
17594
16450
15576
15974
17176
17710
17370
17348
17450
17444
18506
19436
18006
16350
17006
17644
15818
13446
13484
15508
16374
15138
14004
13714
13162
11984
9908
8124
9528
12766
13624
12942
13436
13982
13882
14080
13424
11574
11224
12988
13910
12742
11900
12728
13024
11556
10308
10128
9472
7804
6150
5656
6598
7992
9110
9708
9124
8446
9574
10998
11154
11616
12144
11418
11652
13922
15562
15570
15144
15290
16796
18614
19160
19190
18624
16398
14658
14860
14632
13310
12078
10210
8014
7200
6718
5328
4810
5754
5734
4404
4682
6640
6612
4470
3780
4760
5764
7276
8496
8110
7934
7998
6036
4542
6410
8230
7806
7970
8952
8594
8114
9160
10506
11094
10662
8448
5520
4520
5388
6300
7100
7538
6834
6578
7842
8224
7060
7432
10536
13766
13978
10898
7888
6958
6086
4862
4882
4420
2034
122
-720
-1862
-2340
-2238
-3782
-6176
-7050
-6790
-6302
-5374
-5214
-7248
-9230
-8192
-6656
-8416
-10616
-9380
-7218
-6730
-6456
-5890
-5278
-4310
-4856
-7094
-7130
-5046
-4894
-5838
-4924
-3894
-4652
-5172
-3932
-2278
-1494
22358
22096
19772
17994
17332
17118
17682
19034
20394
21020
20766
20602
21088
21636
22122
22010
20200
17918
16856
16472
16728
17620
17512
16964
17660
18080
17676
18446
19456
19114
18992
19272
18640
18528
19630
19476
17826
17316
17852
17064
15854
17086
19438
19578
18628
19032
19552
19132
19110
19856
21314
23756
25290
24304
22904
22976
23470
23540
22804
20062
16688
16744
19804
20686
18640
17766
18392
17570
15498
14180
14240
15652
17360
17594
16450
15576
15974
17176
17710
17370
17348
17450
17444
18506
19436
18006
16350
17006
17644
15818
13446
13484
15508
16374
15138
14004
13714
13162
11984
9908
8124
9528
12766
13624
12942
13436
13982
13882
14080
13424
11574
11224
12988
13910
12742
11900
12728
13024
11556
10308
10128
9472
7804
6150
5656
6598
7992
9110
9708
9124
8446
9574
10998
11154
11616
12144
11418
11652
13922
15562
15570
15144
15290
16796
18614
19160
19190
18624
16398
14658
14860
14632
13310
12078
10210
8014
7200
6718
5328
4810
5754
5734
4404
4682
6640
6612
4470
3780
4760
5764
7276
8496
8110
7934
7998
6036
4542
6410
8230
7806
7970
8952
8594
8114
9160
10506
11094
10662
8448
5520
4520
5388
6300
7100
7538
6834
6578
7842
8224
7060
7432
10536
13766
13978
10898
7888
6958
6086
4862
4882
4420
2034
122
-720
-1862
-2340
-2238
-3782
-6176
-7050
-6790
-6302
-5374
-5214
-7248
-9230
-8192
-6656
-8416
-10616
-9380
-7218
-6730
-6456
-5890
-5278
-4310
-4856
-7094
-7130
-5046
-4894
-5838
-4924
-3894
-4652
-5172
-3932
-2278
-1494
22358
22096
19772
17994
17332
17118
17682
19034
20394
21020
20766
20602
21088
21636
22122
22010
20200
17918
16856
16472
16728
17620
17512
16964
17660
18080
17676
18446
19456
19114
18992
19272
18640
18528
19630
19476
17826
17316
17852
17064
15854
17086
19438
19578
18628
19032
19552
19132
19110
19856
21314
23756
25290
24304
22904
22976
23470
23540
22804
20062
16688
16744
19804
20686
18640
17766
18392
17570
15498
14180
14240
15652
17360
17594
16450
15576
15974
17176
17710
17370
17348
17450
17444
18506
19436
18006
16350
17006
17644
15818
13446
13484
15508
16374
15138
14004
13714
13162
11984
9908
8124
9528
12766
13624
12942
13436
13982
13882
14080
13424
11574
11224
12988
13910
12742
11900
12728
13024
11556
10308
10128
9472
7804
6150
5656
6598
7992
9110
9708
9124
8446
9574
10998
11154
11616
12144
11418
11652
13922
15562
15570
15144
15290
16796
18614
19160
19190
18624
16398
14658
14860
14632
13310
12078
10210
8014
7200
6718
5328
4810
5754
5734
4404
4682
6640
6612
4470
3780
4760
5764
7276
8496
8110
7934
7998
6036
4542
6410
8230
7806
7970
8952
8594
8114
9160
10506
11094
10662
8448
5520
4520
5388
6300
7100
7538
6834
6578
7842
8224
7060
7432
10536
13766
13978
10898
7888
6958
6086
4862
4882
4420
2034
122
-720
-1862
-2340
-2238
-3782
-6176
-7050
-6790
-6302
-5374
-5214
-7248
-9230
-8192
-6656
-8416
-10616
-9380
-7218
-6730
-6456
-5890
-5278
-4310
-4856
-7094
-7130
-5046
-4894
-5838
-4924
-3894
-4652
-5172
-3932
-2278
-1494
22358
22096
19772
17994
17332
17118
17682
19034
20394
21020
20766
20602
21088
21636
22122
22010
20200
17918
16856
16472
16728
17620
17512
16964
17660
18080
17676
18446
19456
19114
18992
19272
18640
18528
19630
19476
17826
17316
17852
17064
15854
17086
19438
19578
18628
19032
19552
19132
19110
19856
21314
23756
25290
24304
22904
22976
23470
23540
22804
20062
16688
16744
19804
20686
18640
17766
18392
17570
15498
14180
14240
15652
17360
17594
16450
15576
15974
17176
17710
17370
17348
17450
17444
18506
19436
18006
16350
17006
17644
15818
13446
13484
15508
16374
15138
14004
13714
13162
11984
9908
8124
9528
12766
13624
12942
13436
13982
13882
14080
13424
11574
11224
12988
13910
12742
11900
12728
13024
11556
10308
10128
9472
7804
6150
5656
6598
7992
9110
9708
9124
8446
9574
10998
11154
11616
12144
11418
11652
13922
15562
15570
15144
15290
16796
18614
19160
19190
18624
16398
14658
14860
14632
13310
12078
10210
8014
7200
6718
5328
4810
5754
5734
4404
4682
6640
6612
4470
3780
4760
5764
7276
8496
8110
7934
7998
6036
4542
6410
8230
7806
7970
8952
8594
8114
9160
10506
11094
10662
8448
5520
4520
5388
6300
7100
7538
6834
6578
7842
8224
7060
7432
10536
13766
13978
10898
7888
6958
6086
4862
4882
4420
2034
122
-720
-1862
-2340
-2238
-3782
-6176
-7050
-6790
-6302
-5374
-5214
-7248
-9230
-8192
-6656
-8416
-10616
-9380
-7218
-6730
-6456
-5890
-5278
-4310
-4856
-7094
-7130
-5046
-4894
-5838
-4924
-3894
-4652
-5172
-3932
-2278
-1494
22358
22096
19772
17994
17332
17118
17682
19034
20394
21020
20766
20602
21088
21636
22122
22010
20200
17918
16856
16472
16728
17620
17512
16964
17660
18080
17676
18446
19456
19114
18992
19272
18640
18528
19630
19476
17826
17316
17852
17064
15854
17086
19438
19578
18628
19032
19552
19132
19110
19856
21314
23756
25290
24304
22904
22976
23470
23540
22804
20062
16688
16744
19804
20686
18640
17766
18392
17570
15498
14180
14240
15652
17360
17594
16450
15576
15974
17176
17710
17370
17348
17450
17444
18506
19436
18006
16350
17006
17644
15818
13446
13484
15508
16374
15138
14004
13714
13162
11984
9908
8124
9528
12766
13624
12942
13436
13982
13882
14080
13424
11574
11224
12988
13910
12742
11900
12728
13024
11556
10308
10128
9472
7804
6150
5656
6598
7992
9110
9708
9124
8446
9574
10998
11154
11616
12144
11418
11652
13922
15562
15570
15144
15290
16796
18614
19160
19190
18624
16398
14658
14860
14632
13310
12078
10210
8014
7200
6718
5328
4810
5754
5734
4404
4682
6640
6612
4470
3780
4760
5764
7276
8496
8110
7934
7998
6036
4542
6410
8230
7806
7970
8952
8594
8114
9160
10506
11094
10662
8448
5520
4520
5388
6300
7100
7538
6834
6578
7842
8224
7060
7432
10536
13766
13978
10898
7888
6958
6086
4862
4882
4420
2034
122
-720
-1862
-2340
-2238
-3782
-6176
-7050
-6790
-6302
-5374
-5214
-7248
-9230
-8192
-6656
-8416
-10616
-9380
-7218
-6730
-6456
-5890
-5278
-4310
-4856
-7094
-7130
-5046
-4894
-5838
-4924
-3894
-4652
-5172
-3932
-2278
-1494
22358
22096
19772
17994
17332
17118
17682
19034
20394
21020
20766
20602
21088
21636
22122
22010
20200
17918
16856
16472
16728
17620
17512
16964
17660
18080
17676
18446
19456
19114
18992
19272
18640
18528
19630
19476
17826
17316
17852
17064
15854
17086
19438
19578
18628
19032
19552
19132
19110
19856
21314
23756
25290
24304
22904
22976
23470
23540
22804
20062
16688
16744
19804
20686
18640
17766
18392
17570
15498
14180
14240
15652
17360
17594
16450
15576
15974
17176
17710
17370
17348
17450
17444
18506
19436
18006
16350
17006
17644
15818
13446
13484
15508
16374
15138
14004
13714
13162
11984
9908
8124
9528
12766
13624
12942
13436
13982
13882
14080
13424
11574
11224
12988
13910
12742
11900
12728
13024
11556
10308
10128
9472
7804
6150
5656
6598
7992
9110
9708
9124
8446
9574
10998
11154
11616
12144
11418
11652
13922
15562
15570
15144
15290
16796
18614
19160
19190
18624
16398
14658
14860
14632
13310
12078
10210
8014
7200
6718
5328
4810
5754
5734
4404
4682
6640
6612
4470
3780
4760
5764
7276
8496
8110
7934
7998
6036
4542
6410
8230
7806
7970
8952
8594
8114
9160
10506
11094
10662
8448
5520
4520
5388
6300
7100
7538
6834
6578
7842
8224
7060
7432
10536
13766
13978
10898
7888
6958
6086
4862
4882
4420
2034
122
-720
-1862
-2340
-2238
-3782
-6176
-7050
-6790
-6302
-5374
-5214
-7248
-9230
-8192
-6656
-8416
-10616
-9380
-7218
-6730
-6456
-5890
-5278
-4310
-4856
-7094
-7130
-5046
-4894
-5838
-4924
-3894
-4652
-5172
-3932
-2278
-1494
22358
22096
19772
17994
17332
17118
17682
19034
20394
21020
20766
20602
21088
21636
22122
22010
20200
17918
16856
16472
16728
17620
17512
16964
17660
18080
17676
18446
19456
19114
18992
19272
18640
18528
19630
19476
17826
17316
17852
17064
15854
17086
19438
19578
18628
19032
19552
19132
19110
19856
21314
23756
25290
24304
22904
22976
23470
23540
22804
20062
16688
16744
19804
20686
18640
17766
18392
17570
15498
14180
14240
15652
17360
17594
16450
15576
15974
17176
17710
17370
17348
17450
17444
18506
19436
18006
16350
17006
17644
15818
13446
13484
15508
16374
15138
14004
13714
13162
11984
9908
8124
9528
12766
13624
12942
13436
13982
13882
14080
13424
11574
11224
12988
13910
12742
11900
12728
13024
11556
10308
10128
9472
7804
6150
5656
6598
7992
9110
9708
9124
8446
9574
10998
11154
11616
12144
11418
11652
13922
15562
15570
15144
15290
16796
18614
19160
19190
18624
16398
14658
14860
14632
13310
12078
10210
8014
7200
6718
5328
4810
5754
5734
4404
4682
6640
6612
4470
3780
4760
5764
7276
8496
8110
7934
7998
6036
4542
6410
8230
7806
7970
8952
8594
8114
9160
10506
11094
10662
8448
5520
4520
5388
6300
7100
7538
6834
6578
7842
8224
7060
7432
10536
13766
13978
10898
7888
6958
6086
4862
4882
4420
2034
122
-720
-1862
-2340
-2238
-3782
-6176
-7050
-6790
-6302
-5374
-5214
-7248
-9230
-8192
-6656
-8416
-10616
-9380
-7218
-6730
-6456
-5890
-5278
-4310
-4856
-7094
-7130
-5046
-4894
-5838
-4924
-3894
-4652
-5172
-3932
-2278
-1494
22358
22096
19772
17994
17332
17118
17682
19034
20394
21020
20766
20602
21088
21636
22122
22010
20200
17918
16856
16472
16728
17620
17512
16964
17660
18080
17676
18446
19456
19114
18992
19272
18640
18528
19630
19476
17826
17316
17852
17064
15854
17086
19438
19578
18628
19032
19552
19132
19110
19856
21314
23756
25290
24304
22904
22976
23470
23540
22804
20062
16688
16744
19804
20686
18640
17766
18392
17570
15498
14180
14240
15652
17360
17594
16450
15576
15974
17176
17710
17370
17348
17450
17444
18506
19436
18006
16350
17006
17644
15818
13446
13484
15508
16374
15138
14004
13714
13162
11984
9908
8124
9528
12766
13624
12942
13436
13982
13882
14080
13424
11574
11224
12988
13910
12742
11900
12728
13024
11556
10308
10128
9472
7804
6150
5656
6598
7992
9110
9708
9124
8446
9574
10998
11154
11616
12144
11418
11652
13922
15562
15570
15144
15290
16796
18614
19160
19190
18624
16398
14658
14860
14632
13310
12078
10210
8014
7200
6718
5328
4810
5754
5734
4404
4682
6640
6612
4470
3780
4760
5764
7276
8496
8110
7934
7998
6036
4542
6410
8230
7806
7970
8952
8594
8114
9160
10506
11094
10662
8448
5520
4520
5388
6300
7100
7538
6834
6578
7842
8224
7060
7432
10536
13766
13978
10898
7888
6958
6086
4862
4882
4420
2034
122
-720
-1862
-2340
-2238
-3782
-6176
-7050
-6790
-6302
-5374
-5214
-7248
-9230
-8192
-6656
-8416
-10616
-9380
-7218
-6730
-6456
-5890
-5278
-4310
-4856
-7094
-7130
-5046
-4894
-5838
-4924
-3894
-4652
-5172
-3932
-2278
-1494
22358
22096
19772
17994
17332
17118
17682
19034
20394
21020
20766
20602
21088
21636
22122
22010
20200
17918
16856
16472
16728
17620
17512
16964
17660
18080
17676
18446
19456
19114
18992
19272
18640
18528
19630
19476
17826
17316
17852
17064
15854
17086
19438
19578
18628
19032
19552
19132
19110
19856
21314
23756
25290
24304
22904
22976
23470
23540
22804
20062
16688
16744
19804
20686
18640
17766
18392
17570
15498
14180
14240
15652
17360
17594
16450
15576
15974
17176
17710
17370
17348
17450
17444
18506
19436
18006
16350
17006
17644
15818
13446
13484
15508
16374
15138
14004
13714
13162
11984
9908
8124
9528
12766
13624
12942
13436
13982
13882
14080
13424
11574
11224
12988
13910
12742
11900
12728
13024
11556
10308
10128
9472
7804
6150
5656
6598
7992
9110
9708
9124
8446
9574
10998
11154
11616
12144
11418
11652
13922
15562
15570
15144
15290
16796
18614
19160
19190
18624
16398
14658
14860
14632
13310
12078
10210
8014
7200
6718
5328
4810
5754
5734
4404
4682
6640
6612
4470
3780
4760
5764
7276
8496
8110
7934
7998
6036
4542
6410
8230
7806
7970
8952
8594
8114
9160
10506
11094
10662
8448
5520
4520
5388
6300
7100
7538
6834
6578
7842
8224
7060
7432
10536
13766
13978
10898
7888
6958
6086
4862
4882
4420
2034
122
-720
-1862
-2340
-2238
-3782
-6176
-7050
-6790
-6302
-5374
-5214
-7248
-9230
-8192
-6656
-8416
-10616
-9380
-7218
-6730
-6456
-5890
-5278
-4310
-4856
-7094
-7130
-5046
-4894
-5838
-4924
-3894
-4652
-5172
-3932
-2278
-1494
22358
22096
19772
17994
17332
17118
17682
19034
20394
21020
20766
20602
21088
21636
22122
22010
20200
17918
16856
16472
16728
17620
17512
16964
17660
18080
17676
18446
19456
19114
18992
19272
18640
18528
19630
19476
17826
17316
17852
17064
15854
17086
19438
19578
18628
19032
19552
19132
19110
19856
21314
23756
25290
24304
22904
22976
23470
23540
22804
20062
16688
16744
19804
20686
18640
17766
18392
17570
15498
14180
14240
15652
17360
17594
16450
15576
15974
17176
17710
17370
17348
17450
17444
18506
19436
18006
16350
17006
17644
15818
13446
13484
15508
16374
15138
14004
13714
13162
11984
9908
8124
9528
12766
13624
12942
13436
13982
13882
14080
13424
11574
11224
12988
13910
12742
11900
12728
13024
11556
10308
10128
9472
7804
6150
5656
6598
7992
9110
9708
9124
8446
9574
10998
11154
11616
12144
11418
11652
13922
15562
15570
15144
15290
16796
18614
19160
19190
18624
16398
14658
14860
14632
13310
12078
10210
8014
7200
6718
5328
4810
5754
5734
4404
4682
6640
6612
4470
3780
4760
5764
7276
8496
8110
7934
7998
6036
4542
6410
8230
7806
7970
8952
8594
8114
9160
10506
11094
10662
8448
5520
4520
5388
6300
7100
7538
6834
6578
7842
8224
7060
7432
10536
13766
13978
10898
7888
6958
6086
4862
4882
4420
2034
122
-720
-1862
-2340
-2238
-3782
-6176
-7050
-6790
-6302
-5374
-5214
-7248
-9230
-8192
-6656
-8416
-10616
-9380
-7218
-6730
-6456
-5890
-5278
-4310
-4856
-7094
-7130
-5046
-4894
-5838
-4924
-3894
-4652
-5172
-3932
-2278
-1494
22358
22096
19772
17994
17332
17118
17682
19034
20394
21020
20766
20602
21088
21636
22122
22010
20200
17918
16856
16472
16728
17620
17512
16964
17660
18080
17676
18446
19456
19114
18992
19272
18640
18528
19630
19476
17826
17316
17852
17064
15854
17086
19438
19578
18628
19032
19552
19132
19110
19856
21314
23756
25290
24304
22904
22976
23470
23540
22804
20062
16688
16744
19804
20686
18640
17766
18392
17570
15498
14180
14240
15652
17360
17594
16450
15576
15974
17176
17710
17370
17348
17450
17444
18506
19436
18006
16350
17006
17644
15818
13446
13484
15508
16374
15138
14004
13714
13162
11984
9908
8124
9528
12766
13624
12942
13436
13982
13882
14080
13424
11574
11224
12988
13910
12742
11900
12728
13024
11556
10308
10128
9472
7804
6150
5656
6598
7992
9110
9708
9124
8446
9574
10998
11154
11616
12144
11418
11652
13922
15562
15570
15144
15290
16796
18614
19160
19190
18624
16398
14658
14860
14632
13310
12078
10210
8014
7200
6718
5328
4810
5754
5734
4404
4682
6640
6612
4470
3780
4760
5764
7276
8496
8110
7934
7998
6036
4542
6410
8230
7806
7970
8952
8594
8114
9160
10506
11094
10662
8448
5520
4520
5388
6300
7100
7538
6834
6578
7842
8224
7060
7432
10536
13766
13978
10898
7888
6958
6086
4862
4882
4420
2034
122
-720
-1862
-2340
-2238
-3782
-6176
-7050
-6790
-6302
-5374
-5214
-7248
-9230
-8192
-6656
-8416
-10616
-9380
-7218
-6730
-6456
-5890
-5278
-4310
-4856
-7094
-7130
-5046
-4894
-5838
-4924
-3894
-4652
-5172
-3932
-2278
-1494
22358
22096
19772
17994
17332
17118
17682
19034
20394
21020
20766
20602
21088
21636
22122
22010
20200
17918
16856
16472
16728
17620
17512
16964
17660
18080
17676
18446
19456
19114
18992
19272
18640
18528
19630
19476
17826
17316
17852
17064
15854
17086
19438
19578
18628
19032
19552
19132
19110
19856
21314
23756
25290
24304
22904
22976
23470
23540
22804
20062
16688
16744
19804
20686
18640
17766
18392
17570
15498
14180
14240
15652
17360
17594
16450
15576
15974
17176
17710
17370
17348
17450
17444
18506
19436
18006
16350
17006
17644
15818
13446
13484
15508
16374
15138
14004
13714
13162
11984
9908
8124
9528
12766
13624
12942
13436
13982
13882
14080
13424
11574
11224
12988
13910
12742
11900
12728
13024
11556
10308
10128
9472
7804
6150
5656
6598
7992
9110
9708
9124
8446
9574
10998
11154
11616
12144
11418
11652
13922
15562
15570
15144
15290
16796
18614
19160
19190
18624
16398
14658
14860
14632
13310
12078
10210
8014
7200
6718
5328
4810
5754
5734
4404
4682
6640
6612
4470
3780
4760
5764
7276
8496
8110
7934
7998
6036
4542
6410
8230
7806
7970
8952
8594
8114
9160
10506
11094
10662
8448
5520
4520
5388
6300
7100
7538
6834
6578
7842
8224
7060
7432
10536
13766
13978
10898
7888
6958
6086
4862
4882
4420
2034
122
-720
-1862
-2340
-2238
-3782
-6176
-7050
-6790
-6302
-5374
-5214
-7248
-9230
-8192
-6656
-8416
-10616
-9380
-7218
-6730
-6456
-5890
-5278
-4310
-4856
-7094
-7130
-5046
-4894
-5838
-4924
-3894
-4652
-5172
-3932
-2278
-1494
