1651 9 5fc0 0 2710 9
22358
-10913
-6941
-24008
-27917
-19166
-14487
-8728
1879
3140
-5590
-6537
1677
5139
4093
5622
4943
-293
-1733
2084
3913
2648
2374
3373
3589
3452
4755
6469
6182
5449
6573
7154
6000
6417
8219
7627
5698
5911
6848
5741
4632
6351
8666
8611
8002
8739
9132
8719
9030
9884
11254
13875
15664
14658
13221
13499
14178
14247
13583
11050
7794
7895
11083
12117
10138
9319
10066
9352
7342
6130
6312
7778
9533
9895
8870
8035
8474
9767
10394
10119
10179
10391
10449
11550
12555
11225
9631
10323
11031
9290
6996
7108
9190
10086
8891
7824
7615
7155
6046
4003
2238
3669
6968
7937
7353
7882
8467
8469
8767
8187
6412
6106
7888
8878
7845
7119
8002
8347
6954
5791
5699
5117
3509
1913
1458
2440
3907
5085
5718
5173
4527
5649
7080
7296
7824
8368
7663
7947
10257
11928
11964
11572
11743
13255
15097
15681
15712
15129
12932
11233
11442
11229
9956
8775
6944
4789
4026
3597
2268
1806
2794
2823
1555
1876
3852
3851
1757
1107
2118
3144
4665
5901
5561
5447
5542
3579
2085
3966
5825
5465
5654
6629
6309
5883
6924
8247
8865
8500
6331
3436
2458
3329
4255
5077
5538
4856
4628
5918
6327
5191
5576
8680
11908
12143
9093
6094
5168
4304
3098
3153
2735
368
-1539
-2370
-3491
-3962
-3851
-5349
-7696
-8577
-8328
-7791
-6798
-6612
-8622
-10556
-9478
-7921
-9638
-11803
-10569
-8394
-7869
-7600
-7056
-6430
-5442
-5989
-8193
-8192
-6132
-5992
-6907
-5997
-5012
-5770
-6236
-4968
-3323
-2549
22358
-10913
-6941
-24008
-27917
-19166
-14487
-8728
1879
3140
-5590
-6537
1677
5139
4093
5622
4943
-293
-1733
2084
3913
2648
2374
3373
3589
3452
4755
6469
6182
5449
6573
7154
6000
6417
8219
7627
5698
5911
6848
5741
4632
6351
8666
8611
8002
8739
9132
8719
9030
9884
11254
13875
15664
14658
13221
13499
14178
14247
13583
11050
7794
7895
11083
12117
10138
9319
10066
9352
7342
6130
6312
7778
9533
9895
8870
8035
8474
9767
10394
10119
10179
10391
10449
11550
12555
11225
9631
10323
11031
9290
6996
7108
9190
10086
8891
7824
7615
7155
6046
4003
2238
3669
6968
7937
7353
7882
8467
8469
8767
8187
6412
6106
7888
8878
7845
7119
8002
8347
6954
5791
5699
5117
3509
1913
1458
2440
3907
5085
5718
5173
4527
5649
7080
7296
7824
8368
7663
7947
10257
11928
11964
11572
11743
13255
15097
15681
15712
15129
12932
11233
11442
11229
9956
8775
6944
4789
4026
3597
2268
1806
2794
2823
1555
1876
3852
3851
1757
1107
2118
3144
4665
5901
5561
5447
5542
3579
2085
3966
5825
5465
5654
6629
6309
5883
6924
8247
8865
8500
6331
3436
2458
3329
4255
5077
5538
4856
4628
5918
6327
5191
5576
8680
11908
12143
9093
6094
5168
4304
3098
3153
2735
368
-1539
-2370
-3491
-3962
-3851
-5349
-7696
-8577
-8328
-7791
-6798
-6612
-8622
-10556
-9478
-7921
-9638
-11803
-10569
-8394
-7869
-7600
-7056
-6430
-5442
-5989
-8193
-8192
-6132
-5992
-6907
-5997
-5012
-5770
-6236
-4968
-3323
-2549
22358
-10913
-6941
-24008
-27917
-19166
-14487
-8728
1879
3140
-5590
-6537
1677
5139
4093
5622
4943
-293
-1733
2084
3913
2648
2374
3373
3589
3452
4755
6469
6182
5449
6573
7154
6000
6417
8219
7627
5698
5911
6848
5741
4632
6351
8666
8611
8002
8739
9132
8719
9030
9884
11254
13875
15664
14658
13221
13499
14178
14247
13583
11050
7794
7895
11083
12117
10138
9319
10066
9352
7342
6130
6312
7778
9533
9895
8870
8035
8474
9767
10394
10119
10179
10391
10449
11550
12555
11225
9631
10323
11031
9290
6996
7108
9190
10086
8891
7824
7615
7155
6046
4003
2238
3669
6968
7937
7353
7882
8467
8469
8767
8187
6412
6106
7888
8878
7845
7119
8002
8347
6954
5791
5699
5117
3509
1913
1458
2440
3907
5085
5718
5173
4527
5649
7080
7296
7824
8368
7663
7947
10257
11928
11964
11572
11743
13255
15097
15681
15712
15129
12932
11233
11442
11229
9956
8775
6944
4789
4026
3597
2268
1806
2794
2823
1555
1876
3852
3851
1757
1107
2118
3144
4665
5901
5561
5447
5542
3579
2085
3966
5825
5465
5654
6629
6309
5883
6924
8247
8865
8500
6331
3436
2458
3329
4255
5077
5538
4856
4628
5918
6327
5191
5576
8680
11908
12143
9093
6094
5168
4304
3098
3153
2735
368
-1539
-2370
-3491
-3962
-3851
-5349
-7696
-8577
-8328
-7791
-6798
-6612
-8622
-10556
-9478
-7921
-9638
-11803
-10569
-8394
-7869
-7600
-7056
-6430
-5442
-5989
-8193
-8192
-6132
-5992
-6907
-5997
-5012
-5770
-6236
-4968
-3323
-2549
22358
-10913
-6941
-24008
-27917
-19166
-14487
-8728
1879
3140
-5590
-6537
1677
5139
4093
5622
4943
-293
-1733
2084
3913
2648
2374
3373
3589
3452
4755
6469
6182
5449
6573
7154
6000
6417
8219
7627
5698
5911
6848
5741
4632
6351
8666
8611
8002
8739
9132
8719
9030
9884
11254
13875
15664
14658
13221
13499
14178
14247
13583
11050
7794
7895
11083
12117
10138
9319
10066
9352
7342
6130
6312
7778
9533
9895
8870
8035
8474
9767
10394
10119
10179
10391
10449
11550
12555
11225
9631
10323
11031
9290
6996
7108
9190
10086
8891
7824
7615
7155
6046
4003
2238
3669
6968
7937
7353
7882
8467
8469
8767
8187
6412
6106
7888
8878
7845
7119
8002
8347
6954
5791
5699
5117
3509
1913
1458
2440
3907
5085
5718
5173
4527
5649
7080
7296
7824
8368
7663
7947
10257
11928
11964
11572
11743
13255
15097
15681
15712
15129
12932
11233
11442
11229
9956
8775
6944
4789
4026
3597
2268
1806
2794
2823
1555
1876
3852
3851
1757
1107
2118
3144
4665
5901
5561
5447
5542
3579
2085
3966
5825
5465
5654
6629
6309
5883
6924
8247
8865
8500
6331
3436
2458
3329
4255
5077
5538
4856
4628
5918
6327
5191
5576
8680
11908
12143
9093
6094
5168
4304
3098
3153
2735
368
-1539
-2370
-3491
-3962
-3851
-5349
-7696
-8577
-8328
-7791
-6798
-6612
-8622
-10556
-9478
-7921
-9638
-11803
-10569
-8394
-7869
-7600
-7056
-6430
-5442
-5989
-8193
-8192
-6132
-5992
-6907
-5997
-5012
-5770
-6236
-4968
-3323
-2549
22358
-10913
-6941
-24008
-27917
-19166
-14487
-8728
1879
3140
-5590
-6537
1677
5139
4093
5622
4943
-293
-1733
2084
3913
2648
2374
3373
3589
3452
4755
6469
6182
5449
6573
7154
6000
6417
8219
7627
5698
5911
6848
5741
4632
6351
8666
8611
8002
8739
9132
8719
9030
9884
11254
13875
15664
14658
13221
13499
14178
14247
13583
11050
7794
7895
11083
12117
10138
9319
10066
9352
7342
6130
6312
7778
9533
9895
8870
8035
8474
9767
10394
10119
10179
10391
10449
11550
12555
11225
9631
10323
11031
9290
6996
7108
9190
10086
8891
7824
7615
7155
6046
4003
2238
3669
6968
7937
7353
7882
8467
8469
8767
8187
6412
6106
7888
8878
7845
7119
8002
8347
6954
5791
5699
5117
3509
1913
1458
2440
3907
5085
5718
5173
4527
5649
7080
7296
7824
8368
7663
7947
10257
11928
11964
11572
11743
13255
15097
15681
15712
15129
12932
11233
11442
11229
9956
8775
6944
4789
4026
3597
2268
1806
2794
2823
1555
1876
3852
3851
1757
1107
2118
3144
4665
5901
5561
5447
5542
3579
2085
3966
5825
5465
5654
6629
6309
5883
6924
8247
8865
8500
6331
3436
2458
3329
4255
5077
5538
4856
4628
5918
6327
5191
5576
8680
11908
12143
9093
6094
5168
4304
3098
3153
2735
368
-1539
-2370
-3491
-3962
-3851
-5349
-7696
-8577
-8328
-7791
-6798
-6612
-8622
-10556
-9478
-7921
-9638
-11803
-10569
-8394
-7869
-7600
-7056
-6430
-5442
-5989
-8193
-8192
-6132
-5992
-6907
-5997
-5012
-5770
-6236
-4968
-3323
-2549
22358
-10913
-6941
-24008
-27917
-19166
-14487
-8728
1879
3140
-5590
-6537
1677
5139
4093
5622
4943
-293
-1733
2084
3913
2648
2374
3373
3589
3452
4755
6469
6182
5449
6573
7154
6000
6417
8219
7627
5698
5911
6848
5741
4632
6351
8666
8611
8002
8739
9132
8719
9030
9884
11254
13875
15664
14658
13221
13499
14178
14247
13583
11050
7794
7895
11083
12117
10138
9319
10066
9352
7342
6130
6312
7778
9533
9895
8870
8035
8474
9767
10394
10119
10179
10391
10449
11550
12555
11225
9631
10323
11031
9290
6996
7108
9190
10086
8891
7824
7615
7155
6046
4003
2238
3669
6968
7937
7353
7882
8467
8469
8767
8187
6412
6106
7888
8878
7845
7119
8002
8347
6954
5791
5699
5117
3509
1913
1458
2440
3907
5085
5718
5173
4527
5649
7080
7296
7824
8368
7663
7947
10257
11928
11964
11572
11743
13255
15097
15681
15712
15129
12932
11233
11442
11229
9956
8775
6944
4789
4026
3597
2268
1806
2794
2823
1555
1876
3852
3851
1757
1107
2118
3144
4665
5901
5561
5447
5542
3579
2085
3966
5825
5465
5654
6629
6309
5883
6924
8247
8865
8500
6331
3436
2458
3329
4255
5077
5538
4856
4628
5918
6327
5191
5576
8680
11908
12143
9093
6094
5168
4304
3098
3153
2735
368
-1539
-2370
-3491
-3962
-3851
-5349
-7696
-8577
-8328
-7791
-6798
-6612
-8622
-10556
-9478
-7921
-9638
-11803
-10569
-8394
-7869
-7600
-7056
-6430
-5442
-5989
-8193
-8192
-6132
-5992
-6907
-5997
-5012
-5770
-6236
-4968
-3323
-2549
22358
-10913
-6941
-24008
-27917
-19166
-14487
-8728
1879
3140
-5590
-6537
1677
5139
4093
5622
4943
-293
-1733
2084
3913
2648
2374
3373
3589
3452
4755
6469
6182
5449
6573
7154
6000
6417
8219
7627
5698
5911
6848
5741
4632
6351
8666
8611
8002
8739
9132
8719
9030
9884
11254
13875
15664
14658
13221
13499
14178
14247
13583
11050
7794
7895
11083
12117
10138
9319
10066
9352
7342
6130
6312
7778
9533
9895
8870
8035
8474
9767
10394
10119
10179
10391
10449
11550
12555
11225
9631
10323
11031
9290
6996
7108
9190
10086
8891
7824
7615
7155
6046
4003
2238
3669
6968
7937
7353
7882
8467
8469
8767
8187
6412
6106
7888
8878
7845
7119
8002
8347
6954
5791
5699
5117
3509
1913
1458
2440
3907
5085
5718
5173
4527
5649
7080
7296
7824
8368
7663
7947
10257
11928
11964
11572
11743
13255
15097
15681
15712
15129
12932
11233
11442
11229
9956
8775
6944
4789
4026
3597
2268
1806
2794
2823
1555
1876
3852
3851
1757
1107
2118
3144
4665
5901
5561
5447
5542
3579
2085
3966
5825
5465
5654
6629
6309
5883
6924
8247
8865
8500
6331
3436
2458
3329
4255
5077
5538
4856
4628
5918
6327
5191
5576
8680
11908
12143
9093
6094
5168
4304
3098
3153
2735
368
-1539
-2370
-3491
-3962
-3851
-5349
-7696
-8577
-8328
-7791
-6798
-6612
-8622
-10556
-9478
-7921
-9638
-11803
-10569
-8394
-7869
-7600
-7056
-6430
-5442
-5989
-8193
-8192
-6132
-5992
-6907
-5997
-5012
-5770
-6236
-4968
-3323
-2549
22358
-10913
-6941
-24008
-27917
-19166
-14487
-8728
1879
3140
-5590
-6537
1677
5139
4093
5622
4943
-293
-1733
2084
3913
2648
2374
3373
3589
3452
4755
6469
6182
5449
6573
7154
6000
6417
8219
7627
5698
5911
6848
5741
4632
6351
8666
8611
8002
8739
9132
8719
9030
9884
11254
13875
15664
14658
13221
13499
14178
14247
13583
11050
7794
7895
11083
12117
10138
9319
10066
9352
7342
6130
6312
7778
9533
9895
8870
8035
8474
9767
10394
10119
10179
10391
10449
11550
12555
11225
9631
10323
11031
9290
6996
7108
9190
10086
8891
7824
7615
7155
6046
4003
2238
3669
6968
7937
7353
7882
8467
8469
8767
8187
6412
6106
7888
8878
7845
7119
8002
8347
6954
5791
5699
5117
3509
1913
1458
2440
3907
5085
5718
5173
4527
5649
7080
7296
7824
8368
7663
7947
10257
11928
11964
11572
11743
13255
15097
15681
15712
15129
12932
11233
11442
11229
9956
8775
6944
4789
4026
3597
2268
1806
2794
2823
1555
1876
3852
3851
1757
1107
2118
3144
4665
5901
5561
5447
5542
3579
2085
3966
5825
5465
5654
6629
6309
5883
6924
8247
8865
8500
6331
3436
2458
3329
4255
5077
5538
4856
4628
5918
6327
5191
5576
8680
11908
12143
9093
6094
5168
4304
3098
3153
2735
368
-1539
-2370
-3491
-3962
-3851
-5349
-7696
-8577
-8328
-7791
-6798
-6612
-8622
-10556
-9478
-7921
-9638
-11803
-10569
-8394
-7869
-7600
-7056
-6430
-5442
-5989
-8193
-8192
-6132
-5992
-6907
-5997
-5012
-5770
-6236
-4968
-3323
-2549
22358
-10913
-6941
-24008
-27917
-19166
-14487
-8728
1879
3140
-5590
-6537
1677
5139
4093
5622
4943
-293
-1733
2084
3913
2648
2374
3373
3589
3452
4755
6469
6182
5449
6573
7154
6000
6417
8219
7627
5698
5911
6848
5741
4632
6351
8666
8611
8002
8739
9132
8719
9030
9884
11254
13875
15664
14658
13221
13499
14178
14247
13583
11050
7794
7895
11083
12117
10138
9319
10066
9352
7342
6130
6312
7778
9533
9895
8870
8035
8474
9767
10394
10119
10179
10391
10449
11550
12555
11225
9631
10323
11031
9290
6996
7108
9190
10086
8891
7824
7615
7155
6046
4003
2238
3669
6968
7937
7353
7882
8467
8469
8767
8187
6412
6106
7888
8878
7845
7119
8002
8347
6954
5791
5699
5117
3509
1913
1458
2440
3907
5085
5718
5173
4527
5649
7080
7296
7824
8368
7663
7947
10257
11928
11964
11572
11743
13255
15097
15681
15712
15129
12932
11233
11442
11229
9956
8775
6944
4789
4026
3597
2268
1806
2794
2823
1555
1876
3852
3851
1757
1107
2118
3144
4665
5901
5561
5447
5542
3579
2085
3966
5825
5465
5654
6629
6309
5883
6924
8247
8865
8500
6331
3436
2458
3329
4255
5077
5538
4856
4628
5918
6327
5191
5576
8680
11908
12143
9093
6094
5168
4304
3098
3153
2735
368
-1539
-2370
-3491
-3962
-3851
-5349
-7696
-8577
-8328
-7791
-6798
-6612
-8622
-10556
-9478
-7921
-9638
-11803
-10569
-8394
-7869
-7600
-7056
-6430
-5442
-5989
-8193
-8192
-6132
-5992
-6907
-5997
-5012
-5770
-6236
-4968
-3323
-2549
22358
-10913
-6941
-24008
-27917
-19166
-14487
-8728
1879
3140
-5590
-6537
1677
5139
4093
5622
4943
-293
-1733
2084
3913
2648
2374
3373
3589
3452
4755
6469
6182
5449
6573
7154
6000
6417
8219
7627
5698
5911
6848
5741
4632
6351
8666
8611
8002
8739
9132
8719
9030
9884
11254
13875
15664
14658
13221
13499
14178
14247
13583
11050
7794
7895
11083
12117
10138
9319
10066
9352
7342
6130
6312
7778
9533
9895
8870
8035
8474
9767
10394
10119
10179
10391
10449
11550
12555
11225
9631
10323
11031
9290
6996
7108
9190
10086
8891
7824
7615
7155
6046
4003
2238
3669
6968
7937
7353
7882
8467
8469
8767
8187
6412
6106
7888
8878
7845
7119
8002
8347
6954
5791
5699
5117
3509
1913
1458
2440
3907
5085
5718
5173
4527
5649
7080
7296
7824
8368
7663
7947
10257
11928
11964
11572
11743
13255
15097
15681
15712
15129
12932
11233
11442
11229
9956
8775
6944
4789
4026
3597
2268
1806
2794
2823
1555
1876
3852
3851
1757
1107
2118
3144
4665
5901
5561
5447
5542
3579
2085
3966
5825
5465
5654
6629
6309
5883
6924
8247
8865
8500
6331
3436
2458
3329
4255
5077
5538
4856
4628
5918
6327
5191
5576
8680
11908
12143
9093
6094
5168
4304
3098
3153
2735
368
-1539
-2370
-3491
-3962
-3851
-5349
-7696
-8577
-8328
-7791
-6798
-6612
-8622
-10556
-9478
-7921
-9638
-11803
-10569
-8394
-7869
-7600
-7056
-6430
-5442
-5989
-8193
-8192
-6132
-5992
-6907
-5997
-5012
-5770
-6236
-4968
-3323
-2549
22358
-10913
-6941
-24008
-27917
-19166
-14487
-8728
1879
3140
-5590
-6537
1677
5139
4093
5622
4943
-293
-1733
2084
3913
2648
2374
3373
3589
3452
4755
6469
6182
5449
6573
7154
6000
6417
8219
7627
5698
5911
6848
5741
4632
6351
8666
8611
8002
8739
9132
8719
9030
9884
11254
13875
15664
14658
13221
13499
14178
14247
13583
11050
7794
7895
11083
12117
10138
9319
10066
9352
7342
6130
6312
7778
9533
9895
8870
8035
8474
9767
10394
10119
10179
10391
10449
11550
12555
11225
9631
10323
11031
9290
6996
7108
9190
10086
8891
7824
7615
7155
6046
4003
2238
3669
6968
7937
7353
7882
8467
8469
8767
8187
6412
6106
7888
8878
7845
7119
8002
8347
6954
5791
5699
5117
3509
1913
1458
2440
3907
5085
5718
5173
4527
5649
7080
7296
7824
8368
7663
7947
10257
11928
11964
11572
11743
13255
15097
15681
15712
15129
12932
11233
11442
11229
9956
8775
6944
4789
4026
3597
2268
1806
2794
2823
1555
1876
3852
3851
1757
1107
2118
3144
4665
5901
5561
5447
5542
3579
2085
3966
5825
5465
5654
6629
6309
5883
6924
8247
8865
8500
6331
3436
2458
3329
4255
5077
5538
4856
4628
5918
6327
5191
5576
8680
11908
12143
9093
6094
5168
4304
3098
3153
2735
368
-1539
-2370
-3491
-3962
-3851
-5349
-7696
-8577
-8328
-7791
-6798
-6612
-8622
-10556
-9478
-7921
-9638
-11803
-10569
-8394
-7869
-7600
-7056
-6430
-5442
-5989
-8193
-8192
-6132
-5992
-6907
-5997
-5012
-5770
-6236
-4968
-3323
-2549
22358
-10913
-6941
-24008
-27917
-19166
-14487
-8728
1879
3140
-5590
-6537
1677
5139
4093
5622
4943
-293
-1733
2084
3913
2648
2374
3373
3589
3452
4755
6469
6182
5449
6573
7154
6000
6417
8219
7627
5698
5911
6848
5741
4632
6351
8666
8611
8002
8739
9132
8719
9030
9884
11254
13875
15664
14658
13221
13499
14178
14247
13583
11050
7794
7895
11083
12117
10138
9319
10066
9352
7342
6130
6312
7778
9533
9895
8870
8035
8474
9767
10394
10119
10179
10391
10449
11550
12555
11225
9631
10323
11031
9290
6996
7108
9190
10086
8891
7824
7615
7155
6046
4003
2238
3669
6968
7937
7353
7882
8467
8469
8767
8187
6412
6106
7888
8878
7845
7119
8002
8347
6954
5791
5699
5117
3509
1913
1458
2440
3907
5085
5718
5173
4527
5649
7080
7296
7824
8368
7663
7947
10257
11928
11964
11572
11743
13255
15097
15681
15712
15129
12932
11233
11442
11229
9956
8775
6944
4789
4026
3597
2268
1806
2794
2823
1555
1876
3852
3851
1757
1107
2118
3144
4665
5901
5561
5447
5542
3579
2085
3966
5825
5465
5654
6629
6309
5883
6924
8247
8865
8500
6331
3436
2458
3329
4255
5077
5538
4856
4628
5918
6327
5191
5576
8680
11908
12143
9093
6094
5168
4304
3098
3153
2735
368
-1539
-2370
-3491
-3962
-3851
-5349
-7696
-8577
-8328
-7791
-6798
-6612
-8622
-10556
-9478
-7921
-9638
-11803
-10569
-8394
-7869
-7600
-7056
-6430
-5442
-5989
-8193
-8192
-6132
-5992
-6907
-5997
-5012
-5770
-6236
-4968
-3323
-2549
22358
-10913
-6941
-24008
-27917
-19166
-14487
-8728
1879
3140
-5590
-6537
1677
5139
4093
5622
4943
-293
-1733
2084
3913
2648
2374
3373
3589
3452
4755
6469
6182
5449
6573
7154
6000
6417
8219
7627
5698
5911
6848
5741
4632
6351
8666
8611
8002
8739
9132
8719
9030
9884
11254
13875
15664
14658
13221
13499
14178
14247
13583
11050
7794
7895
11083
12117
10138
9319
10066
9352
7342
6130
6312
7778
9533
9895
8870
8035
8474
9767
10394
10119
10179
10391
10449
11550
12555
11225
9631
10323
11031
9290
6996
7108
9190
10086
8891
7824
7615
7155
6046
4003
2238
3669
6968
7937
7353
7882
8467
8469
8767
8187
6412
6106
7888
8878
7845
7119
8002
8347
6954
5791
5699
5117
3509
1913
1458
2440
3907
5085
5718
5173
4527
5649
7080
7296
7824
8368
7663
7947
10257
11928
11964
11572
11743
13255
15097
15681
15712
15129
12932
11233
11442
11229
9956
8775
6944
4789
4026
3597
2268
1806
2794
2823
1555
1876
3852
3851
1757
1107
2118
3144
4665
5901
5561
5447
5542
3579
2085
3966
5825
5465
5654
6629
6309
5883
6924
8247
8865
8500
6331
3436
2458
3329
4255
5077
5538
4856
4628
5918
6327
5191
5576
8680
11908
12143
9093
6094
5168
4304
3098
3153
2735
368
-1539
-2370
-3491
-3962
-3851
-5349
-7696
-8577
-8328
-7791
-6798
-6612
-8622
-10556
-9478
-7921
-9638
-11803
-10569
-8394
-7869
-7600
-7056
-6430
-5442
-5989
-8193
-8192
-6132
-5992
-6907
-5997
-5012
-5770
-6236
-4968
-3323
-2549
22358
-10913
-6941
-24008
-27917
-19166
-14487
-8728
1879
3140
-5590
-6537
1677
5139
4093
5622
4943
-293
-1733
2084
3913
2648
2374
3373
3589
3452
4755
6469
6182
5449
6573
7154
6000
6417
8219
7627
5698
5911
6848
5741
4632
6351
8666
8611
8002
8739
9132
8719
9030
9884
11254
13875
15664
14658
13221
13499
14178
14247
13583
11050
7794
7895
11083
12117
10138
9319
10066
9352
7342
6130
6312
7778
9533
9895
8870
8035
8474
9767
10394
10119
10179
10391
10449
11550
12555
11225
9631
10323
11031
9290
6996
7108
9190
10086
8891
7824
7615
7155
6046
4003
2238
3669
6968
7937
7353
7882
8467
8469
8767
8187
6412
6106
7888
8878
7845
7119
8002
8347
6954
5791
5699
5117
3509
1913
1458
2440
3907
5085
5718
5173
4527
5649
7080
7296
7824
8368
7663
7947
10257
11928
11964
11572
11743
13255
15097
15681
15712
15129
12932
11233
11442
11229
9956
8775
6944
4789
4026
3597
2268
1806
2794
2823
1555
1876
3852
3851
1757
1107
2118
3144
4665
5901
5561
5447
5542
3579
2085
3966
5825
5465
5654
6629
6309
5883
6924
8247
8865
8500
6331
3436
2458
3329
4255
5077
5538
4856
4628
5918
6327
5191
5576
8680
11908
12143
9093
6094
5168
4304
3098
3153
2735
368
-1539
-2370
-3491
-3962
-3851
-5349
-7696
-8577
-8328
-7791
-6798
-6612
-8622
-10556
-9478
-7921
-9638
-11803
-10569
-8394
-7869
-7600
-7056
-6430
-5442
-5989
-8193
-8192
-6132
-5992
-6907
-5997
-5012
-5770
-6236
-4968
-3323
-2549
22358
-10913
-6941
-24008
-27917
-19166
-14487
-8728
1879
3140
-5590
-6537
1677
5139
4093
5622
4943
-293
-1733
2084
3913
2648
2374
3373
3589
3452
4755
6469
6182
5449
6573
7154
6000
6417
8219
7627
5698
5911
6848
5741
4632
6351
8666
8611
8002
8739
9132
8719
9030
9884
11254
13875
15664
14658
13221
13499
14178
14247
13583
11050
7794
7895
11083
12117
10138
9319
10066
9352
7342
6130
6312
7778
9533
9895
8870
8035
8474
9767
10394
10119
10179
10391
10449
11550
12555
11225
9631
10323
11031
9290
6996
7108
9190
10086
8891
7824
7615
7155
6046
4003
2238
3669
6968
7937
7353
7882
8467
8469
8767
8187
6412
6106
7888
8878
7845
7119
8002
8347
6954
5791
5699
5117
3509
1913
1458
2440
3907
5085
5718
5173
4527
5649
7080
7296
7824
8368
7663
7947
10257
11928
11964
11572
11743
13255
15097
15681
15712
15129
12932
11233
11442
11229
9956
8775
6944
4789
4026
3597
2268
1806
2794
2823
1555
1876
3852
3851
1757
1107
2118
3144
4665
5901
5561
5447
5542
3579
2085
3966
5825
5465
5654
6629
6309
5883
6924
8247
8865
8500
6331
3436
2458
3329
4255
5077
5538
4856
4628
5918
6327
5191
5576
8680
11908
12143
9093
6094
5168
4304
3098
3153
2735
368
-1539
-2370
-3491
-3962
-3851
-5349
-7696
-8577
-8328
-7791
-6798
-6612
-8622
-10556
-9478
-7921
-9638
-11803
-10569
-8394
-7869
-7600
-7056
-6430
-5442
-5989
-8193
-8192
-6132
-5992
-6907
-5997
-5012
-5770
-6236
-4968
-3323
-2549
22358
-10913
-6941
-24008
-27917
-19166
-14487
-8728
1879
3140
-5590
-6537
1677
5139
4093
5622
4943
-293
-1733
2084
3913
2648
2374
3373
3589
3452
4755
6469
6182
5449
6573
7154
6000
6417
8219
7627
5698
5911
6848
5741
4632
6351
8666
8611
8002
8739
9132
8719
9030
9884
11254
13875
15664
14658
13221
13499
14178
14247
13583
11050
7794
7895
11083
12117
10138
9319
10066
9352
7342
6130
6312
7778
9533
9895
8870
8035
8474
9767
10394
10119
10179
10391
10449
11550
12555
11225
9631
10323
11031
9290
6996
7108
9190
10086
8891
7824
7615
7155
6046
4003
2238
3669
6968
7937
7353
7882
8467
8469
8767
8187
6412
6106
7888
8878
7845
7119
8002
8347
6954
5791
5699
5117
3509
1913
1458
2440
3907
5085
5718
5173
4527
5649
7080
7296
7824
8368
7663
7947
10257
11928
11964
11572
11743
13255
15097
15681
15712
15129
12932
11233
11442
11229
9956
8775
6944
4789
4026
3597
2268
1806
2794
2823
1555
1876
3852
3851
1757
1107
2118
3144
4665
5901
5561
5447
5542
3579
2085
3966
5825
5465
5654
6629
6309
5883
6924
8247
8865
8500
6331
3436
2458
3329
4255
5077
5538
4856
4628
5918
6327
5191
5576
8680
11908
12143
9093
6094
5168
4304
3098
3153
2735
368
-1539
-2370
-3491
-3962
-3851
-5349
-7696
-8577
-8328
-7791
-6798
-6612
-8622
-10556
-9478
-7921
-9638
-11803
-10569
-8394
-7869
-7600
-7056
-6430
-5442
-5989
-8193
-8192
-6132
-5992
-6907
-5997
-5012
-5770
-6236
-4968
-3323
-2549
22358
-10913
-6941
-24008
-27917
-19166
-14487
-8728
1879
3140
-5590
-6537
1677
5139
4093
5622
4943
-293
-1733
2084
3913
2648
2374
3373
3589
3452
4755
6469
6182
5449
6573
7154
6000
6417
8219
7627
5698
5911
6848
5741
4632
6351
8666
8611
8002
8739
9132
8719
9030
9884
11254
13875
15664
14658
13221
13499
14178
14247
13583
11050
7794
7895
11083
12117
10138
9319
10066
9352
7342
6130
6312
7778
9533
9895
8870
8035
8474
9767
10394
10119
10179
10391
10449
11550
12555
11225
9631
10323
11031
9290
6996
7108
9190
10086
8891
7824
7615
7155
6046
4003
2238
3669
6968
7937
7353
7882
8467
8469
8767
8187
6412
6106
7888
8878
7845
7119
8002
8347
6954
5791
5699
5117
3509
1913
1458
2440
3907
5085
5718
5173
4527
5649
7080
7296
7824
8368
7663
7947
10257
11928
11964
11572
11743
13255
15097
15681
15712
15129
12932
11233
11442
11229
9956
8775
6944
4789
4026
3597
2268
1806
2794
2823
1555
1876
3852
3851
1757
1107
2118
3144
4665
5901
5561
5447
5542
3579
2085
3966
5825
5465
5654
6629
6309
5883
6924
8247
8865
8500
6331
3436
2458
3329
4255
5077
5538
4856
4628
5918
6327
5191
5576
8680
11908
12143
9093
6094
5168
4304
3098
3153
2735
368
-1539
-2370
-3491
-3962
-3851
-5349
-7696
-8577
-8328
-7791
-6798
-6612
-8622
-10556
-9478
-7921
-9638
-11803
-10569
-8394
-7869
-7600
-7056
-6430
-5442
-5989
-8193
-8192
-6132
-5992
-6907
-5997
-5012
-5770
-6236
-4968
-3323
-2549
22358
-10913
-6941
-24008
-27917
-19166
-14487
-8728
1879
3140
-5590
-6537
1677
5139
4093
5622
4943
-293
-1733
2084
3913
2648
2374
3373
3589
3452
4755
6469
6182
5449
6573
7154
6000
6417
8219
7627
5698
5911
6848
5741
4632
6351
8666
8611
8002
8739
9132
8719
9030
9884
11254
13875
15664
14658
13221
13499
14178
14247
13583
11050
7794
7895
11083
12117
10138
9319
10066
9352
7342
6130
6312
7778
9533
9895
8870
8035
8474
9767
10394
10119
10179
10391
10449
11550
12555
11225
9631
10323
11031
9290
6996
7108
9190
10086
8891
7824
7615
7155
6046
4003
2238
3669
6968
7937
7353
7882
8467
8469
8767
8187
6412
6106
7888
8878
7845
7119
8002
8347
6954
5791
5699
5117
3509
1913
1458
2440
3907
5085
5718
5173
4527
5649
7080
7296
7824
8368
7663
7947
10257
11928
11964
11572
11743
13255
15097
15681
15712
15129
12932
11233
11442
11229
9956
8775
6944
4789
4026
3597
2268
1806
2794
2823
1555
1876
3852
3851
1757
1107
2118
3144
4665
5901
5561
5447
5542
3579
2085
3966
5825
5465
5654
6629
6309
5883
6924
8247
8865
8500
6331
3436
2458
3329
4255
5077
5538
4856
4628
5918
6327
5191
5576
8680
11908
12143
9093
6094
5168
4304
3098
3153
2735
368
-1539
-2370
-3491
-3962
-3851
-5349
-7696
-8577
-8328
-7791
-6798
-6612
-8622
-10556
-9478
-7921
-9638
-11803
-10569
-8394
-7869
-7600
-7056
-6430
-5442
-5989
-8193
-8192
-6132
-5992
-6907
-5997
-5012
-5770
-6236
-4968
-3323
-2549
22358
-10913
-6941
-24008
-27917
-19166
-14487
-8728
1879
3140
-5590
-6537
1677
5139
4093
5622
4943
-293
-1733
2084
3913
2648
2374
3373
3589
3452
4755
6469
6182
5449
6573
7154
6000
6417
8219
7627
5698
5911
6848
5741
4632
6351
8666
8611
8002
8739
9132
8719
9030
9884
11254
13875
15664
14658
13221
13499
14178
14247
13583
11050
7794
7895
11083
12117
10138
9319
10066
9352
7342
6130
6312
7778
9533
9895
8870
8035
8474
9767
10394
10119
10179
10391
10449
11550
12555
11225
9631
10323
11031
9290
6996
7108
9190
10086
8891
7824
7615
7155
6046
4003
2238
3669
6968
7937
7353
7882
8467
8469
8767
8187
6412
6106
7888
8878
7845
7119
8002
8347
6954
5791
5699
5117
3509
1913
1458
2440
3907
5085
5718
5173
4527
5649
7080
7296
7824
8368
7663
7947
10257
11928
11964
11572
11743
13255
15097
15681
15712
15129
12932
11233
11442
11229
9956
8775
6944
4789
4026
3597
2268
1806
2794
2823
1555
1876
3852
3851
1757
1107
2118
3144
4665
5901
5561
5447
5542
3579
2085
3966
5825
5465
5654
6629
6309
5883
6924
8247
8865
8500
6331
3436
2458
3329
4255
5077
5538
4856
4628
5918
6327
5191
5576
8680
11908
12143
9093
6094
5168
4304
3098
3153
2735
368
-1539
-2370
-3491
-3962
-3851
-5349
-7696
-8577
-8328
-7791
-6798
-6612
-8622
-10556
-9478
-7921
-9638
-11803
-10569
-8394
-7869
-7600
-7056
-6430
-5442
-5989
-8193
-8192
-6132
-5992
-6907
-5997
-5012
-5770
-6236
-4968
-3323
-2549
22358
-10913
-6941
-24008
-27917
-19166
-14487
-8728
1879
3140
-5590
-6537
1677
5139
4093
5622
4943
-293
-1733
2084
3913
2648
2374
3373
3589
3452
4755
6469
6182
5449
6573
7154
6000
6417
8219
7627
5698
5911
6848
5741
4632
6351
8666
8611
8002
8739
9132
8719
9030
9884
11254
13875
15664
14658
13221
13499
14178
14247
13583
11050
7794
7895
11083
12117
10138
9319
10066
9352
7342
6130
6312
7778
9533
9895
8870
8035
8474
9767
10394
10119
10179
10391
10449
11550
12555
11225
9631
10323
11031
9290
6996
7108
9190
10086
8891
7824
7615
7155
6046
4003
2238
3669
6968
7937
7353
7882
8467
8469
8767
8187
6412
6106
7888
8878
7845
7119
8002
8347
6954
5791
5699
5117
3509
1913
1458
2440
3907
5085
5718
5173
4527
5649
7080
7296
7824
8368
7663
7947
10257
11928
11964
11572
11743
13255
15097
15681
15712
15129
12932
11233
11442
11229
9956
8775
6944
4789
4026
3597
2268
1806
2794
2823
1555
1876
3852
3851
1757
1107
2118
3144
4665
5901
5561
5447
5542
3579
2085
3966
5825
5465
5654
6629
6309
5883
6924
8247
8865
8500
6331
3436
2458
3329
4255
5077
5538
4856
4628
5918
6327
5191
5576
8680
11908
12143
9093
6094
5168
4304
3098
3153
2735
368
-1539
-2370
-3491
-3962
-3851
-5349
-7696
-8577
-8328
-7791
-6798
-6612
-8622
-10556
-9478
-7921
-9638
-11803
-10569
-8394
-7869
-7600
-7056
-6430
-5442
-5989
-8193
-8192
-6132
-5992
-6907
-5997
-5012
-5770
-6236
-4968
-3323
-2549
22358
-10913
-6941
-24008
-27917
-19166
-14487
-8728
1879
3140
-5590
-6537
1677
5139
4093
5622
4943
-293
-1733
2084
3913
2648
2374
3373
3589
3452
4755
6469
6182
5449
6573
7154
6000
6417
8219
7627
5698
5911
6848
5741
4632
6351
8666
8611
8002
8739
9132
8719
9030
9884
11254
13875
15664
14658
13221
13499
14178
14247
13583
11050
7794
7895
11083
12117
10138
9319
10066
9352
7342
6130
6312
7778
9533
9895
8870
8035
8474
9767
10394
10119
10179
10391
10449
11550
12555
11225
9631
10323
11031
9290
6996
7108
9190
10086
8891
7824
7615
7155
6046
4003
2238
3669
6968
7937
7353
7882
8467
8469
8767
8187
6412
6106
7888
8878
7845
7119
8002
8347
6954
5791
5699
5117
3509
1913
1458
2440
3907
5085
5718
5173
4527
5649
7080
7296
7824
8368
7663
7947
10257
11928
11964
11572
11743
13255
15097
15681
15712
15129
12932
11233
11442
11229
9956
8775
6944
4789
4026
3597
2268
1806
2794
2823
1555
1876
3852
3851
1757
1107
2118
3144
4665
5901
5561
5447
5542
3579
2085
3966
5825
5465
5654
6629
6309
5883
6924
8247
8865
8500
6331
3436
2458
3329
4255
5077
5538
4856
4628
5918
6327
5191
5576
8680
11908
12143
9093
6094
5168
4304
3098
3153
2735
368
-1539
-2370
-3491
-3962
-3851
-5349
-7696
-8577
-8328
-7791
-6798
-6612
-8622
-10556
-9478
-7921
-9638
-11803
-10569
-8394
-7869
-7600
-7056
-6430
-5442
-5989
-8193
-8192
-6132
-5992
-6907
-5997
-5012
-5770
-6236
-4968
-3323
-2549
22358
-10913
-6941
-24008
-27917
-19166
-14487
-8728
1879
3140
-5590
-6537
1677
5139
4093
5622
4943
-293
-1733
2084
3913
2648
2374
3373
3589
3452
4755
6469
6182
5449
6573
7154
6000
6417
8219
7627
5698
5911
6848
5741
4632
6351
8666
8611
8002
8739
9132
8719
9030
9884
11254
13875
15664
14658
13221
13499
14178
14247
13583
11050
7794
7895
11083
12117
10138
9319
10066
9352
7342
6130
6312
7778
9533
9895
8870
8035
8474
9767
10394
10119
10179
10391
10449
11550
12555
11225
9631
10323
11031
9290
6996
7108
9190
10086
8891
7824
7615
7155
6046
4003
2238
3669
6968
7937
7353
7882
8467
8469
8767
8187
6412
6106
7888
8878
7845
7119
8002
8347
6954
5791
5699
5117
3509
1913
1458
2440
3907
5085
5718
5173
4527
5649
7080
7296
7824
8368
7663
7947
10257
11928
11964
11572
11743
13255
15097
15681
15712
15129
12932
11233
11442
11229
9956
8775
6944
4789
4026
3597
2268
1806
2794
2823
1555
1876
3852
3851
1757
1107
2118
3144
4665
5901
5561
5447
5542
3579
2085
3966
5825
5465
5654
6629
6309
5883
6924
8247
8865
8500
6331
3436
2458
3329
4255
5077
5538
4856
4628
5918
6327
5191
5576
8680
11908
12143
9093
6094
5168
4304
3098
3153
2735
368
-1539
-2370
-3491
-3962
-3851
-5349
-7696
-8577
-8328
-7791
-6798
-6612
-8622
-10556
-9478
-7921
-9638
-11803
-10569
-8394
-7869
-7600
-7056
-6430
-5442
-5989
-8193
-8192
-6132
-5992
-6907
-5997
-5012
-5770
-6236
-4968
-3323
-2549
22358
-10913
-6941
-24008
-27917
-19166
-14487
-8728
1879
3140
-5590
-6537
1677
5139
4093
5622
4943
-293
-1733
2084
3913
2648
2374
3373
3589
3452
4755
6469
6182
5449
6573
7154
6000
6417
8219
7627
5698
5911
6848
5741
4632
6351
8666
8611
8002
8739
9132
8719
9030
9884
11254
13875
15664
14658
13221
13499
14178
14247
13583
11050
7794
7895
11083
12117
10138
9319
10066
9352
7342
6130
6312
7778
9533
9895
8870
8035
8474
9767
10394
10119
10179
10391
10449
11550
12555
11225
9631
10323
11031
9290
6996
7108
9190
10086
8891
7824
7615
7155
6046
4003
2238
3669
6968
7937
7353
7882
8467
8469
8767
8187
6412
6106
7888
8878
7845
7119
8002
8347
6954
5791
5699
5117
3509
1913
1458
2440
3907
5085
5718
5173
4527
5649
7080
7296
7824
8368
7663
7947
10257
11928
11964
11572
11743
13255
15097
15681
15712
15129
12932
11233
11442
11229
9956
8775
6944
4789
4026
3597
2268
1806
2794
2823
1555
1876
3852
3851
1757
1107
2118
3144
4665
5901
5561
5447
5542
3579
2085
3966
5825
5465
5654
6629
6309
5883
6924
8247
8865
8500
6331
3436
2458
3329
4255
5077
5538
4856
4628
5918
6327
5191
5576
8680
11908
12143
9093
6094
5168
4304
3098
3153
2735
368
-1539
-2370
-3491
-3962
-3851
-5349
-7696
-8577
-8328
-7791
-6798
-6612
-8622
-10556
-9478
-7921
-9638
-11803
-10569
-8394
-7869
-7600
-7056
-6430
-5442
-5989
-8193
-8192
-6132
-5992
-6907
-5997
-5012
-5770
-6236
-4968
-3323
-2549
22358
-10913
-6941
-24008
-27917
-19166
-14487
-8728
1879
3140
-5590
-6537
1677
5139
4093
5622
4943
-293
-1733
2084
3913
2648
2374
3373
3589
3452
4755
6469
6182
5449
6573
7154
6000
6417
8219
7627
5698
5911
6848
5741
4632
6351
8666
8611
8002
8739
9132
8719
9030
9884
11254
13875
15664
14658
13221
13499
14178
14247
13583
11050
7794
7895
11083
12117
10138
9319
10066
9352
7342
6130
6312
7778
9533
9895
8870
8035
8474
9767
10394
10119
10179
10391
10449
11550
12555
11225
9631
10323
11031
9290
6996
7108
9190
10086
8891
7824
7615
7155
6046
4003
2238
3669
6968
7937
7353
7882
8467
8469
8767
8187
6412
6106
7888
8878
7845
7119
8002
8347
6954
5791
5699
5117
3509
1913
1458
2440
3907
5085
5718
5173
4527
5649
7080
7296
7824
8368
7663
7947
10257
11928
11964
11572
11743
13255
15097
15681
15712
15129
12932
11233
11442
11229
9956
8775
6944
4789
4026
3597
2268
1806
2794
2823
1555
1876
3852
3851
1757
1107
2118
3144
4665
5901
5561
5447
5542
3579
2085
3966
5825
5465
5654
6629
6309
5883
6924
8247
8865
8500
6331
3436
2458
3329
4255
5077
5538
4856
4628
5918
6327
5191
5576
8680
11908
12143
9093
6094
5168
4304
3098
3153
2735
368
-1539
-2370
-3491
-3962
-3851
-5349
-7696
-8577
-8328
-7791
-6798
-6612
-8622
-10556
-9478
-7921
-9638
-11803
-10569
-8394
-7869
-7600
-7056
-6430
-5442
-5989
-8193
-8192
-6132
-5992
-6907
-5997
-5012
-5770
-6236
-4968
-3323
-2549
22358
-10913
-6941
-24008
-27917
-19166
-14487
-8728
1879
3140
-5590
-6537
1677
5139
4093
5622
4943
-293
-1733
2084
3913
2648
2374
3373
3589
3452
4755
6469
6182
5449
6573
7154
6000
6417
8219
7627
5698
5911
6848
5741
4632
6351
8666
8611
8002
8739
9132
8719
9030
9884
11254
13875
15664
14658
13221
13499
14178
14247
13583
11050
7794
7895
11083
12117
10138
9319
10066
9352
7342
6130
6312
7778
9533
9895
8870
8035
8474
9767
10394
10119
10179
10391
10449
11550
12555
11225
9631
10323
11031
9290
6996
7108
9190
10086
8891
7824
7615
7155
6046
4003
2238
3669
6968
7937
7353
7882
8467
8469
8767
8187
6412
6106
7888
8878
7845
7119
8002
8347
6954
5791
5699
5117
3509
1913
1458
2440
3907
5085
5718
5173
4527
5649
7080
7296
7824
8368
7663
7947
10257
11928
11964
11572
11743
13255
15097
15681
15712
15129
12932
11233
11442
11229
9956
8775
6944
4789
4026
3597
2268
1806
2794
2823
1555
1876
3852
3851
1757
1107
2118
3144
4665
5901
5561
5447
5542
3579
2085
3966
5825
5465
5654
6629
6309
5883
6924
8247
8865
8500
6331
3436
2458
3329
4255
5077
5538
4856
4628
5918
6327
5191
5576
8680
11908
12143
9093
6094
5168
4304
3098
3153
2735
368
-1539
-2370
-3491
-3962
-3851
-5349
-7696
-8577
-8328
-7791
-6798
-6612
-8622
-10556
-9478
-7921
-9638
-11803
-10569
-8394
-7869
-7600
-7056
-6430
-5442
-5989
-8193
-8192
-6132
-5992
-6907
-5997
-5012
-5770
-6236
-4968
-3323
-2549
22358
-10913
-6941
-24008
-27917
-19166
-14487
-8728
1879
3140
-5590
-6537
1677
5139
4093
5622
4943
-293
-1733
2084
3913
2648
2374
3373
3589
3452
4755
6469
6182
5449
6573
7154
6000
6417
8219
7627
5698
5911
6848
5741
4632
6351
8666
8611
8002
8739
9132
8719
9030
9884
11254
13875
15664
14658
13221
13499
14178
14247
13583
11050
7794
7895
11083
12117
10138
9319
10066
9352
7342
6130
6312
7778
9533
9895
8870
8035
8474
9767
10394
10119
10179
10391
10449
11550
12555
11225
9631
10323
11031
9290
6996
7108
9190
10086
8891
7824
7615
7155
6046
4003
2238
3669
6968
7937
7353
7882
8467
8469
8767
8187
6412
6106
7888
8878
7845
7119
8002
8347
6954
5791
5699
5117
3509
1913
1458
2440
3907
5085
5718
5173
4527
5649
7080
7296
7824
8368
7663
7947
10257
11928
11964
11572
11743
13255
15097
15681
15712
15129
12932
11233
11442
11229
9956
8775
6944
4789
4026
3597
2268
1806
2794
2823
1555
1876
3852
3851
1757
1107
2118
3144
4665
5901
5561
5447
5542
3579
2085
3966
5825
5465
5654
6629
6309
5883
6924
8247
8865
8500
6331
3436
2458
3329
4255
5077
5538
4856
4628
5918
6327
5191
5576
8680
11908
12143
9093
6094
5168
4304
3098
3153
2735
368
-1539
-2370
-3491
-3962
-3851
-5349
-7696
-8577
-8328
-7791
-6798
-6612
-8622
-10556
-9478
-7921
-9638
-11803
-10569
-8394
-7869
-7600
-7056
-6430
-5442
-5989
-8193
-8192
-6132
-5992
-6907
-5997
-5012
-5770
-6236
-4968
-3323
-2549
22358
-10913
-6941
-24008
-27917
-19166
-14487
-8728
1879
3140
-5590
-6537
1677
5139
4093
5622
4943
-293
-1733
2084
3913
2648
2374
3373
3589
3452
4755
6469
6182
5449
6573
7154
6000
6417
8219
7627
5698
5911
6848
5741
4632
6351
8666
8611
8002
8739
9132
8719
9030
9884
11254
13875
15664
14658
13221
13499
14178
14247
13583
11050
7794
7895
11083
12117
10138
9319
10066
9352
7342
6130
6312
7778
9533
9895
8870
8035
8474
9767
10394
10119
10179
10391
10449
11550
12555
11225
9631
10323
11031
9290
6996
7108
9190
10086
8891
7824
7615
7155
6046
4003
2238
3669
6968
7937
7353
7882
8467
8469
8767
8187
6412
6106
7888
8878
7845
7119
8002
8347
6954
5791
5699
5117
3509
1913
1458
2440
3907
5085
5718
5173
4527
5649
7080
7296
7824
8368
7663
7947
10257
11928
11964
11572
11743
13255
15097
15681
15712
15129
12932
11233
11442
11229
9956
8775
6944
4789
4026
3597
2268
1806
2794
2823
1555
1876
3852
3851
1757
1107
2118
3144
4665
5901
5561
5447
5542
3579
2085
3966
5825
5465
5654
6629
6309
5883
6924
8247
8865
8500
6331
3436
2458
3329
4255
5077
5538
4856
4628
5918
6327
5191
5576
8680
11908
12143
9093
6094
5168
4304
3098
3153
2735
368
-1539
-2370
-3491
-3962
-3851
-5349
-7696
-8577
-8328
-7791
-6798
-6612
-8622
-10556
-9478
-7921
-9638
-11803
-10569
-8394
-7869
-7600
-7056
-6430
-5442
-5989
-8193
-8192
-6132
-5992
-6907
-5997
-5012
-5770
-6236
-4968
-3323
-2549
22358
-10913
-6941
-24008
-27917
-19166
-14487
-8728
1879
3140
-5590
-6537
1677
5139
4093
5622
4943
-293
-1733
2084
3913
2648
2374
3373
3589
3452
4755
6469
6182
5449
6573
7154
6000
6417
8219
7627
5698
5911
6848
5741
4632
6351
8666
8611
8002
8739
9132
8719
9030
9884
11254
13875
15664
14658
13221
13499
14178
14247
13583
11050
7794
7895
11083
12117
10138
9319
10066
9352
7342
6130
6312
7778
9533
9895
8870
8035
8474
9767
10394
10119
10179
10391
10449
11550
12555
11225
9631
10323
11031
9290
6996
7108
9190
10086
8891
7824
7615
7155
6046
4003
2238
3669
6968
7937
7353
7882
8467
8469
8767
8187
6412
6106
7888
8878
7845
7119
8002
8347
6954
5791
5699
5117
3509
1913
1458
2440
3907
5085
5718
5173
4527
5649
7080
7296
7824
8368
7663
7947
10257
11928
11964
11572
11743
13255
15097
15681
15712
15129
12932
11233
11442
11229
9956
8775
6944
4789
4026
3597
2268
1806
2794
2823
1555
1876
3852
3851
1757
1107
2118
3144
4665
5901
5561
5447
5542
3579
2085
3966
5825
5465
5654
6629
6309
5883
6924
8247
8865
8500
6331
3436
2458
3329
4255
5077
5538
4856
4628
5918
6327
5191
5576
8680
11908
12143
9093
6094
5168
4304
3098
3153
2735
368
-1539
-2370
-3491
-3962
-3851
-5349
-7696
-8577
-8328
-7791
-6798
-6612
-8622
-10556
-9478
-7921
-9638
-11803
-10569
-8394
-7869
-7600
-7056
-6430
-5442
-5989
-8193
-8192
-6132
-5992
-6907
-5997
-5012
-5770
-6236
-4968
-3323
-2549
22358
-10913
-6941
-24008
-27917
-19166
-14487
-8728
1879
3140
-5590
-6537
1677
5139
4093
5622
4943
-293
-1733
2084
3913
2648
2374
3373
3589
3452
4755
6469
6182
5449
6573
7154
6000
6417
8219
7627
5698
5911
6848
5741
4632
6351
8666
8611
8002
8739
9132
8719
9030
9884
11254
13875
15664
14658
13221
13499
14178
14247
13583
11050
7794
7895
11083
12117
10138
9319
10066
9352
7342
6130
6312
7778
9533
9895
8870
8035
8474
9767
10394
10119
10179
10391
10449
11550
12555
11225
9631
10323
11031
9290
6996
7108
9190
10086
8891
7824
7615
7155
6046
4003
2238
3669
6968
7937
7353
7882
8467
8469
8767
8187
6412
6106
7888
8878
7845
7119
8002
8347
6954
5791
5699
5117
3509
1913
1458
2440
3907
5085
5718
5173
4527
5649
7080
7296
7824
8368
7663
7947
10257
11928
11964
11572
11743
13255
15097
15681
15712
15129
12932
11233
11442
11229
9956
8775
6944
4789
4026
3597
2268
1806
2794
2823
1555
1876
3852
3851
1757
1107
2118
3144
4665
5901
5561
5447
5542
3579
2085
3966
5825
5465
5654
6629
6309
5883
6924
8247
8865
8500
6331
3436
2458
3329
4255
5077
5538
4856
4628
5918
6327
5191
5576
8680
11908
12143
9093
6094
5168
4304
3098
3153
2735
368
-1539
-2370
-3491
-3962
-3851
-5349
-7696
-8577
-8328
-7791
-6798
-6612
-8622
-10556
-9478
-7921
-9638
-11803
-10569
-8394
-7869
-7600
-7056
-6430
-5442
-5989
-8193
-8192
-6132
-5992
-6907
-5997
-5012
-5770
-6236
-4968
-3323
-2549
22358
-10913
-6941
-24008
-27917
-19166
-14487
-8728
1879
3140
-5590
-6537
1677
5139
4093
5622
4943
-293
-1733
2084
3913
2648
2374
3373
3589
3452
4755
6469
6182
5449
6573
7154
6000
6417
8219
7627
5698
5911
6848
5741
4632
6351
8666
8611
8002
8739
9132
8719
9030
9884
11254
13875
15664
14658
13221
13499
14178
14247
13583
11050
7794
7895
11083
12117
10138
9319
10066
9352
7342
6130
6312
7778
9533
9895
8870
8035
8474
9767
10394
10119
10179
10391
10449
11550
12555
11225
9631
10323
11031
9290
6996
7108
9190
10086
8891
7824
7615
7155
6046
4003
2238
3669
6968
7937
7353
7882
8467
8469
8767
8187
6412
6106
7888
8878
7845
7119
8002
8347
6954
5791
5699
5117
3509
1913
1458
2440
3907
5085
5718
5173
4527
5649
7080
7296
7824
8368
7663
7947
10257
11928
11964
11572
11743
13255
15097
15681
15712
15129
12932
11233
11442
11229
9956
8775
6944
4789
4026
3597
2268
1806
2794
2823
1555
1876
3852
3851
1757
1107
2118
3144
4665
5901
5561
5447
5542
3579
2085
3966
5825
5465
5654
6629
6309
5883
6924
8247
8865
8500
6331
3436
2458
3329
4255
5077
5538
4856
4628
5918
6327
5191
5576
8680
11908
12143
9093
6094
5168
4304
3098
3153
2735
368
-1539
-2370
-3491
-3962
-3851
-5349
-7696
-8577
-8328
-7791
-6798
-6612
-8622
-10556
-9478
-7921
-9638
-11803
-10569
-8394
-7869
-7600
-7056
-6430
-5442
-5989
-8193
-8192
-6132
-5992
-6907
-5997
-5012
-5770
-6236
-4968
-3323
-2549
22358
-10913
-6941
-24008
-27917
-19166
-14487
-8728
1879
3140
-5590
-6537
1677
5139
4093
5622
4943
-293
-1733
2084
3913
2648
2374
3373
3589
3452
4755
6469
6182
5449
6573
7154
6000
6417
8219
7627
5698
5911
6848
5741
4632
6351
8666
8611
8002
8739
9132
8719
9030
9884
11254
13875
15664
14658
13221
13499
14178
14247
13583
11050
7794
7895
11083
12117
10138
9319
10066
9352
7342
6130
6312
7778
9533
9895
8870
8035
8474
9767
10394
10119
10179
10391
10449
11550
12555
11225
9631
10323
11031
9290
6996
7108
9190
10086
8891
7824
7615
7155
6046
4003
2238
3669
6968
7937
7353
7882
8467
8469
8767
8187
6412
6106
7888
8878
7845
7119
8002
8347
6954
5791
5699
5117
3509
1913
1458
2440
3907
5085
5718
5173
4527
5649
7080
7296
7824
8368
7663
7947
10257
11928
11964
11572
11743
13255
15097
15681
15712
15129
12932
11233
11442
11229
9956
8775
6944
4789
4026
3597
2268
1806
2794
2823
1555
1876
3852
3851
1757
1107
2118
3144
4665
5901
5561
5447
5542
3579
2085
3966
5825
5465
5654
6629
6309
5883
6924
8247
8865
8500
6331
3436
2458
3329
4255
5077
5538
4856
4628
5918
6327
5191
5576
8680
11908
12143
9093
6094
5168
4304
3098
3153
2735
368
-1539
-2370
-3491
-3962
-3851
-5349
-7696
-8577
-8328
-7791
-6798
-6612
-8622
-10556
-9478
-7921
-9638
-11803
-10569
-8394
-7869
-7600
-7056
-6430
-5442
-5989
-8193
-8192
-6132
-5992
-6907
-5997
-5012
-5770
-6236
-4968
-3323
-2549
22358
-10913
-6941
-24008
-27917
-19166
-14487
-8728
1879
3140
-5590
-6537
1677
5139
4093
5622
4943
-293
-1733
2084
3913
2648
2374
3373
3589
3452
4755
6469
6182
5449
6573
7154
6000
6417
8219
7627
5698
5911
6848
5741
4632
6351
8666
8611
8002
8739
9132
8719
9030
9884
11254
13875
15664
14658
13221
13499
14178
14247
13583
11050
7794
7895
11083
12117
10138
9319
10066
9352
7342
6130
6312
7778
9533
9895
8870
8035
8474
9767
10394
10119
10179
10391
10449
11550
12555
11225
9631
10323
11031
9290
6996
7108
9190
10086
8891
7824
7615
7155
6046
4003
2238
3669
6968
7937
7353
7882
8467
8469
8767
8187
6412
6106
7888
8878
7845
7119
8002
8347
6954
5791
5699
5117
3509
1913
1458
2440
3907
5085
5718
5173
4527
5649
7080
7296
7824
8368
7663
7947
10257
11928
11964
11572
11743
13255
15097
15681
15712
15129
12932
11233
11442
11229
9956
8775
6944
4789
4026
3597
2268
1806
2794
2823
1555
1876
3852
3851
1757
1107
2118
3144
4665
5901
5561
5447
5542
3579
2085
3966
5825
5465
5654
6629
6309
5883
6924
8247
8865
8500
6331
3436
2458
3329
4255
5077
5538
4856
4628
5918
6327
5191
5576
8680
11908
12143
9093
6094
5168
4304
3098
3153
2735
368
-1539
-2370
-3491
-3962
-3851
-5349
-7696
-8577
-8328
-7791
-6798
-6612
-8622
-10556
-9478
-7921
-9638
-11803
-10569
-8394
-7869
-7600
-7056
-6430
-5442
-5989
-8193
-8192
-6132
-5992
-6907
-5997
-5012
-5770
-6236
-4968
-3323
-2549
22358
-10913
-6941
-24008
-27917
-19166
-14487
-8728
1879
3140
-5590
-6537
1677
5139
4093
5622
4943
-293
-1733
2084
3913
2648
2374
3373
3589
3452
4755
6469
6182
5449
6573
7154
6000
6417
8219
7627
5698
5911
6848
5741
4632
6351
8666
8611
8002
8739
9132
8719
9030
9884
11254
13875
15664
14658
13221
13499
14178
14247
13583
11050
7794
7895
11083
12117
10138
9319
10066
9352
7342
6130
6312
7778
9533
9895
8870
8035
8474
9767
10394
10119
10179
10391
10449
11550
12555
11225
9631
10323
11031
9290
6996
7108
9190
10086
8891
7824
7615
7155
6046
4003
2238
3669
6968
7937
7353
7882
8467
8469
8767
8187
6412
6106
7888
8878
7845
7119
8002
8347
6954
5791
5699
5117
3509
1913
1458
2440
3907
5085
5718
5173
4527
5649
7080
7296
7824
8368
7663
7947
10257
11928
11964
11572
11743
13255
15097
15681
15712
15129
12932
11233
11442
11229
9956
8775
6944
4789
4026
3597
2268
1806
2794
2823
1555
1876
3852
3851
1757
1107
2118
3144
4665
5901
5561
5447
5542
3579
2085
3966
5825
5465
5654
6629
6309
5883
6924
8247
8865
8500
6331
3436
2458
3329
4255
5077
5538
4856
4628
5918
6327
5191
5576
8680
11908
12143
9093
6094
5168
4304
3098
3153
2735
368
-1539
-2370
-3491
-3962
-3851
-5349
-7696
-8577
-8328
-7791
-6798
-6612
-8622
-10556
-9478
-7921
-9638
-11803
-10569
-8394
-7869
-7600
-7056
-6430
-5442
-5989
-8193
-8192
-6132
-5992
-6907
-5997
-5012
-5770
-6236
-4968
-3323
-2549
22358
-10913
-6941
-24008
-27917
-19166
-14487
-8728
1879
3140
-5590
-6537
1677
5139
4093
5622
4943
-293
-1733
2084
3913
2648
2374
3373
3589
3452
4755
6469
6182
5449
6573
7154
6000
6417
8219
7627
5698
5911
6848
5741
4632
6351
8666
8611
8002
8739
9132
8719
9030
9884
11254
13875
15664
14658
13221
13499
14178
14247
13583
11050
7794
7895
11083
12117
10138
9319
10066
9352
7342
6130
6312
7778
9533
9895
8870
8035
8474
9767
10394
10119
10179
10391
10449
11550
12555
11225
9631
10323
11031
9290
6996
7108
9190
10086
8891
7824
7615
7155
6046
4003
2238
3669
6968
7937
7353
7882
8467
8469
8767
8187
6412
6106
7888
8878
7845
7119
8002
8347
6954
5791
5699
5117
3509
1913
1458
2440
3907
5085
5718
5173
4527
5649
7080
7296
7824
8368
7663
7947
10257
11928
11964
11572
11743
13255
15097
15681
15712
15129
12932
11233
11442
11229
9956
8775
6944
4789
4026
3597
2268
1806
2794
2823
1555
1876
3852
3851
1757
1107
2118
3144
4665
5901
5561
5447
5542
3579
2085
3966
5825
5465
5654
6629
6309
5883
6924
8247
8865
8500
6331
3436
2458
3329
4255
5077
5538
4856
4628
5918
6327
5191
5576
8680
11908
12143
9093
6094
5168
4304
3098
3153
2735
368
-1539
-2370
-3491
-3962
-3851
-5349
-7696
-8577
-8328
-7791
-6798
-6612
-8622
-10556
-9478
-7921
-9638
-11803
-10569
-8394
-7869
-7600
-7056
-6430
-5442
-5989
-8193
-8192
-6132
-5992
-6907
-5997
-5012
-5770
-6236
-4968
-3323
-2549
22358
-10913
-6941
-24008
-27917
-19166
-14487
-8728
1879
3140
-5590
-6537
1677
5139
4093
5622
4943
-293
-1733
2084
3913
2648
2374
3373
3589
3452
4755
6469
6182
5449
6573
7154
6000
6417
8219
7627
5698
5911
6848
5741
4632
6351
8666
8611
8002
8739
9132
8719
9030
9884
11254
13875
15664
14658
13221
13499
14178
14247
13583
11050
7794
7895
11083
12117
10138
9319
10066
9352
7342
6130
6312
7778
9533
9895
8870
8035
8474
9767
10394
10119
10179
10391
10449
11550
12555
11225
9631
10323
11031
9290
6996
7108
9190
10086
8891
7824
7615
7155
6046
4003
2238
3669
6968
7937
7353
7882
8467
8469
8767
8187
6412
6106
7888
8878
7845
7119
8002
8347
6954
5791
5699
5117
3509
1913
1458
2440
3907
5085
5718
5173
4527
5649
7080
7296
7824
8368
7663
7947
10257
11928
11964
11572
11743
13255
15097
15681
15712
15129
12932
11233
11442
11229
9956
8775
6944
4789
4026
3597
2268
1806
2794
2823
1555
1876
3852
3851
1757
1107
2118
3144
4665
5901
5561
5447
5542
3579
2085
3966
5825
5465
5654
6629
6309
5883
6924
8247
8865
8500
6331
3436
2458
3329
4255
5077
5538
4856
4628
5918
6327
5191
5576
8680
11908
12143
9093
6094
5168
4304
3098
3153
2735
368
-1539
-2370
-3491
-3962
-3851
-5349
-7696
-8577
-8328
-7791
-6798
-6612
-8622
-10556
-9478
-7921
-9638
-11803
-10569
-8394
-7869
-7600
-7056
-6430
-5442
-5989
-8193
-8192
-6132
-5992
-6907
-5997
-5012
-5770
-6236
-4968
-3323
-2549
22358
-10913
-6941
-24008
-27917
-19166
-14487
-8728
1879
3140
-5590
-6537
1677
5139
4093
5622
4943
-293
-1733
2084
3913
2648
2374
3373
3589
3452
4755
6469
6182
5449
6573
7154
6000
6417
8219
7627
5698
5911
6848
5741
4632
6351
8666
8611
8002
8739
9132
8719
9030
9884
11254
13875
15664
14658
13221
13499
14178
14247
13583
11050
7794
7895
11083
12117
10138
9319
10066
9352
7342
6130
6312
7778
9533
9895
8870
8035
8474
9767
10394
10119
10179
10391
10449
11550
12555
11225
9631
10323
11031
9290
6996
7108
9190
10086
8891
7824
7615
7155
6046
4003
2238
3669
6968
7937
7353
7882
8467
8469
8767
8187
6412
6106
7888
8878
7845
7119
8002
8347
6954
5791
5699
5117
3509
1913
1458
2440
3907
5085
5718
5173
4527
5649
7080
7296
7824
8368
7663
7947
10257
11928
11964
11572
11743
13255
15097
15681
15712
15129
12932
11233
11442
11229
9956
8775
6944
4789
4026
3597
2268
1806
2794
2823
1555
1876
3852
3851
1757
1107
2118
3144
4665
5901
5561
5447
5542
3579
2085
3966
5825
5465
5654
6629
6309
5883
6924
8247
8865
8500
6331
3436
2458
3329
4255
5077
5538
4856
4628
5918
6327
5191
5576
8680
11908
12143
9093
6094
5168
4304
3098
3153
2735
368
-1539
-2370
-3491
-3962
-3851
-5349
-7696
-8577
-8328
-7791
-6798
-6612
-8622
-10556
-9478
-7921
-9638
-11803
-10569
-8394
-7869
-7600
-7056
-6430
-5442
-5989
-8193
-8192
-6132
-5992
-6907
-5997
-5012
-5770
-6236
-4968
-3323
-2549
22358
-10913
-6941
-24008
-27917
-19166
-14487
-8728
1879
3140
-5590
-6537
1677
5139
4093
5622
4943
-293
-1733
2084
3913
2648
2374
3373
3589
3452
4755
6469
6182
5449
6573
7154
6000
6417
8219
7627
5698
5911
6848
5741
4632
6351
8666
8611
8002
8739
9132
8719
9030
9884
11254
13875
15664
14658
13221
13499
14178
14247
13583
11050
7794
7895
11083
12117
10138
9319
10066
9352
7342
6130
6312
7778
9533
9895
8870
8035
8474
9767
10394
10119
10179
10391
10449
11550
12555
11225
9631
10323
11031
9290
6996
7108
9190
10086
8891
7824
7615
7155
6046
4003
2238
3669
6968
7937
7353
7882
8467
8469
8767
8187
6412
6106
7888
8878
7845
7119
8002
8347
6954
5791
5699
5117
3509
1913
1458
2440
3907
5085
5718
5173
4527
5649
7080
7296
7824
8368
7663
7947
10257
11928
11964
11572
11743
13255
15097
15681
15712
15129
12932
11233
11442
11229
9956
8775
6944
4789
4026
3597
2268
1806
2794
2823
1555
1876
3852
3851
1757
1107
2118
3144
4665
5901
5561
5447
5542
3579
2085
3966
5825
5465
5654
6629
6309
5883
6924
8247
8865
8500
6331
3436
2458
3329
4255
5077
5538
4856
4628
5918
6327
5191
5576
8680
11908
12143
9093
6094
5168
4304
3098
3153
2735
368
-1539
-2370
-3491
-3962
-3851
-5349
-7696
-8577
-8328
-7791
-6798
-6612
-8622
-10556
-9478
-7921
-9638
-11803
-10569
-8394
-7869
-7600
-7056
-6430
-5442
-5989
-8193
-8192
-6132
-5992
-6907
-5997
-5012
-5770
-6236
-4968
-3323
-2549
22358
-10913
-6941
-24008
-27917
-19166
-14487
-8728
1879
3140
-5590
-6537
1677
5139
4093
5622
4943
-293
-1733
2084
3913
2648
2374
3373
3589
3452
4755
6469
6182
5449
6573
7154
6000
6417
8219
7627
5698
5911
6848
5741
4632
6351
8666
8611
8002
8739
9132
8719
9030
9884
11254
13875
15664
14658
13221
13499
14178
14247
13583
11050
7794
7895
11083
12117
10138
9319
10066
9352
7342
6130
6312
7778
9533
9895
8870
8035
8474
9767
10394
10119
10179
10391
10449
11550
12555
11225
9631
10323
11031
9290
6996
7108
9190
10086
8891
7824
7615
7155
6046
4003
2238
3669
6968
7937
7353
7882
8467
8469
8767
8187
6412
6106
7888
8878
7845
7119
8002
8347
6954
5791
5699
5117
3509
1913
1458
2440
3907
5085
5718
5173
4527
5649
7080
7296
7824
8368
7663
7947
10257
11928
11964
11572
11743
13255
15097
15681
15712
15129
12932
11233
11442
11229
9956
8775
6944
4789
4026
3597
2268
1806
2794
2823
1555
1876
3852
3851
1757
1107
2118
3144
4665
5901
5561
5447
5542
3579
2085
3966
5825
5465
5654
6629
6309
5883
6924
8247
8865
8500
6331
3436
2458
3329
4255
5077
5538
4856
4628
5918
6327
5191
5576
8680
11908
12143
9093
6094
5168
4304
3098
3153
2735
368
-1539
-2370
-3491
-3962
-3851
-5349
-7696
-8577
-8328
-7791
-6798
-6612
-8622
-10556
-9478
-7921
-9638
-11803
-10569
-8394
-7869
-7600
-7056
-6430
-5442
-5989
-8193
-8192
-6132
-5992
-6907
-5997
-5012
-5770
-6236
-4968
-3323
-2549
22358
-10913
-6941
-24008
-27917
-19166
-14487
-8728
1879
3140
-5590
-6537
1677
5139
4093
5622
4943
-293
-1733
2084
3913
2648
2374
3373
3589
3452
4755
6469
6182
5449
6573
7154
6000
6417
8219
7627
5698
5911
6848
5741
4632
6351
8666
8611
8002
8739
9132
8719
9030
9884
11254
13875
15664
14658
13221
13499
14178
14247
13583
11050
7794
7895
11083
12117
10138
9319
10066
9352
7342
6130
6312
7778
9533
9895
8870
8035
8474
9767
10394
10119
10179
10391
10449
11550
12555
11225
9631
10323
11031
9290
6996
7108
9190
10086
8891
7824
7615
7155
6046
4003
2238
3669
6968
7937
7353
7882
8467
8469
8767
8187
6412
6106
7888
8878
7845
7119
8002
8347
6954
5791
5699
5117
3509
1913
1458
2440
3907
5085
5718
5173
4527
5649
7080
7296
7824
8368
7663
7947
10257
11928
11964
11572
11743
13255
15097
15681
15712
15129
12932
11233
11442
11229
9956
8775
6944
4789
4026
3597
2268
1806
2794
2823
1555
1876
3852
3851
1757
1107
2118
3144
4665
5901
5561
5447
5542
3579
2085
3966
5825
5465
5654
6629
6309
5883
6924
8247
8865
8500
6331
3436
2458
3329
4255
5077
5538
4856
4628
5918
6327
5191
5576
8680
11908
12143
9093
6094
5168
4304
3098
3153
2735
368
-1539
-2370
-3491
-3962
-3851
-5349
-7696
-8577
-8328
-7791
-6798
-6612
-8622
-10556
-9478
-7921
-9638
-11803
-10569
-8394
-7869
-7600
-7056
-6430
-5442
-5989
-8193
-8192
-6132
-5992
-6907
-5997
-5012
-5770
-6236
-4968
-3323
-2549
22358
-10913
-6941
-24008
-27917
-19166
-14487
-8728
1879
3140
-5590
-6537
1677
5139
4093
5622
4943
-293
-1733
2084
3913
2648
2374
3373
3589
3452
4755
6469
6182
5449
6573
7154
6000
6417
8219
7627
5698
5911
6848
5741
4632
6351
8666
8611
8002
8739
9132
8719
9030
9884
11254
13875
15664
14658
13221
13499
14178
14247
13583
11050
7794
7895
11083
12117
10138
9319
10066
9352
7342
6130
6312
7778
9533
9895
8870
8035
8474
9767
10394
10119
10179
10391
10449
11550
12555
11225
9631
10323
11031
9290
6996
7108
9190
10086
8891
7824
7615
7155
6046
4003
2238
3669
6968
7937
7353
7882
8467
8469
8767
8187
6412
6106
7888
8878
7845
7119
8002
8347
6954
5791
5699
5117
3509
1913
1458
2440
3907
5085
5718
5173
4527
5649
7080
7296
7824
8368
7663
7947
10257
11928
11964
11572
11743
13255
15097
15681
15712
15129
12932
11233
11442
11229
9956
8775
6944
4789
4026
3597
2268
1806
2794
2823
1555
1876
3852
3851
1757
1107
2118
3144
4665
5901
5561
5447
5542
3579
2085
3966
5825
5465
5654
6629
6309
5883
6924
8247
8865
8500
6331
3436
2458
3329
4255
5077
5538
4856
4628
5918
6327
5191
5576
8680
11908
12143
9093
6094
5168
4304
3098
3153
2735
368
-1539
-2370
-3491
-3962
-3851
-5349
-7696
-8577
-8328
-7791
-6798
-6612
-8622
-10556
-9478
-7921
-9638
-11803
-10569
-8394
-7869
-7600
-7056
-6430
-5442
-5989
-8193
-8192
-6132
-5992
-6907
-5997
-5012
-5770
-6236
-4968
-3323
-2549
