1651 9 80002710 0 1388 9
92
91
-73
-75
-238
-241
-405
-406
-568
-570
-729
-732
-887
-891
-1044
-1048
-1197
-1201
-1345
-1350
-1489
-1495
-1629
-1635
-1762
-1769
-1891
-1897
-2012
-2020
-2127
-2134
-2234
-2243
-2336
-2343
-2429
-2436
-2514
-2521
-2590
-2598
-2658
-2665
-2718
-2725
-2767
-2776
-2807
-2817
-2840
-2848
-2862
-2870
-2874
-2882
-2879
-2886
-2872
-2880
-2856
-2864
-2830
-2839
-2795
-2804
-2754
-2759
-2699
-2706
-2636
-2644
-2566
-2574
-2487
-2493
-2399
-2405
-2302
-2310
-2201
-2206
-2090
-2095
-1973
-1977
-1849
-1853
-1719
-1722
-1584
-1586
-1443
-1443
-1298
-1298
-1146
-1147
-993
-993
-836
-835
-677
-676
-514
-513
-350
-347
-185
-183
-19
-16
147
151
313
316
476
481
639
644
799
806
955
962
1110
1118
1264
1270
1410
1417
1551
1558
1689
1696
1819
1828
1943
1953
2064
2072
2175
2185
2280
2290
2377
2387
2467
2477
2548
2558
2620
2630
2684
2695
2738
2750
2785
2797
2821
2832
2849
2860
2868
2879
2877
2886
2874
2885
2865
2874
2847
2853
2814
2824
2777
2784
2727
2737
2671
2680
2605
2612
2529
2538
2448
2455
2355
2363
2256
2263
2151
2157
2036
2042
1915
1922
1792
1794
1658
1661
1519
1522
1374
1379
1229
1231
1078
1079
922
922
764
762
601
601
439
438
273
272
109
107
-57
-59
-221
-226
-389
-392
-552
-556
-712
-718
-873
-877
-1029
-1034
-1183
-1187
-1331
-1336
-1475
-1482
-1616
-1622
-1749
-1756
-1878
-1886
-2002
-2008
-2116
-2124
-2226
-2233
-2328
-2335
-2420
-2428
-2505
-2513
-2584
-2592
-2651
-2660
-2713
-2720
-2763
-2772
-2804
-2813
-2838
-2846
-2859
-2869
-2874
-2883
-2878
-2887
-2873
-2881
-2859
-2866
-2833
-2841
-2800
-2806
-2756
-2764
-2703
-2711
-2644
-2650
-2572
-2579
-2493
-2500
-2407
-2413
-2312
-2317
-2209
-2214
-2100
-2105
-1984
-1987
-1860
-1863
-1730
-1734
-1596
-1598
-1456
-1457
-1310
-1311
-1162
-1162
-1008
-1007
-851
-850
-691
-690
-530
-528
-366
-363
-200
-198
-33
-30
132
135
297
301
462
466
624
628
784
791
942
948
1097
1105
1248
1255
1396
1403
1542
1547
1678
1685
1808
1816
1934
1943
2054
2063
2165
2176
2272
2280
2370
2380
2462
2469
2542
2551
2616
2626
2681
2690
2735
2746
2782
2792
2821
2831
2848
2859
2866
2877
2876
2886
2877
2887
2867
2876
2846
2856
2819
2827
2781
2789
2733
2741
2676
2684
2611
2619
2538
2545
2454
2462
2365
2371
2266
2272
2160
2165
2047
2052
1927
1933
1801
1806
1668
1673
1531
1535
1388
1392
1239
1243
1091
1092
937
936
777
777
615
615
453
452
289
288
123
122
-42
-45
-209
-211
-371
-377
-536
-541
-699
-704
-858
-863
-1014
-1020
-1169
-1175
-1318
-1324
-1462
-1469
-1603
-1611
-1738
-1746
-1867
-1875
-1991
-1999
-2106
-2115
-2217
-2224
-2319
-2327
-2412
-2423
-2500
-2509
-2577
-2587
-2647
-2657
-2709
-2717
-2760
-2769
-2803
-2811
-2835
-2844
-2860
-2869
-2874
-2884
-2880
-2889
-2875
-2884
-2860
-2870
-2837
-2845
-2804
-2812
-2762
-2769
-2710
-2719
-2650
-2657
-2580
-2587
-2503
-2510
-2417
-2423
-2322
-2328
-2222
-2226
-2112
-2117
-1997
-2000
-1872
-1877
-1744
-1748
-1609
-1612
-1470
-1471
-1324
-1326
-1175
-1176
-1021
-1023
-864
-865
-706
-705
-544
-543
-380
-379
-214
-213
-50
-48
116
119
283
285
445
449
609
613
769
774
930
934
1085
1089
1234
1242
1382
1389
1524
1532
1662
1671
1796
1804
1921
1931
2041
2050
2156
2165
2263
2272
2361
2370
2451
2460
2534
2544
2608
2618
2672
2685
2730
2742
2778
2789
2817
2827
2846
2856
2868
2877
2878
2886
2878
2887
2867
2878
2851
2860
2823
2831
2785
2794
2738
2748
2683
2691
2619
2627
2544
2553
2465
2472
2375
2380
2276
2283
2172
2177
2059
2065
1940
1944
1815
1817
1683
1687
1546
1549
1403
1406
1255
1259
1104
1106
950
950
790
792
632
631
468
468
304
303
139
137
-27
-29
-193
-195
-358
-361
-521
-524
-685
-688
-844
-847
-1000
-1005
-1155
-1159
-1303
-1309
-1449
-1456
-1590
-1596
-1725
-1732
-1855
-1862
-1979
-1987
-2097
-2104
-2206
-2214
-2309
-2317
-2404
-2412
-2491
-2499
-2569
-2579
-2641
-2650
-2703
-2712
-2755
-2764
-2799
-2808
-2834
-2843
-2857
-2868
-2873
-2882
-2878
-2889
-2875
-2885
-2862
-2871
-2840
-2849
-2809
-2818
-2767
-2774
-2716
-2723
-2656
-2663
-2589
-2596
-2510
-2517
-2426
-2432
-2334
-2339
-2232
-2238
-2122
-2127
-2007
-2013
-1885
-1890
-1756
-1761
-1623
-1627
-1483
-1487
-1339
-1341
-1188
-1191
-1036
-1037
-880
-881
-720
-721
-559
-559
-395
-395
-231
-230
-64
-63
100
104
265
269
431
434
593
597
756
759
914
918
1068
1074
1223
1226
1370
1374
1513
1519
1651
1658
1785
1791
1911
1918
2029
2040
2144
2154
2251
2261
2352
2360
2444
2452
2526
2536
2601
2610
2668
2676
2726
2734
2774
2782
2811
2821
2843
2853
2863
2872
2874
2883
2875
2884
2868
2878
2851
2859
2823
2832
2786
2796
2741
2750
2686
2694
2623
2631
2550
2559
2469
2477
2382
2388
2284
2291
2180
2185
2069
2073
1949
1954
1824
1829
1693
1699
1556
1561
1415
1417
1269
1271
1119
1120
962
964
805
806
647
646
484
482
319
317
154
152
-12
-14
-178
-181
-342
-346
-507
-510
-670
-674
-829
-834
-986
-992
-1140
-1147
-1290
-1297
-1437
-1443
-1579
-1585
-1714
-1722
-1844
-1852
-1968
-1976
-2086
-2094
-2196
-2204
-2299
-2309
-2396
-2405
-2483
-2494
-2563
-2573
-2634
-2644
-2696
-2706
-2750
-2760
-2794
-2805
-2828
-2838
-2854
-2865
-2871
-2881
-2878
-2887
-2875
-2884
-2862
-2872
-2841
-2851
-2809
-2819
-2770
-2778
-2719
-2729
-2661
-2668
-2593
-2600
-2516
-2525
-2433
-2440
-2340
-2346
-2239
-2246
-2132
-2138
-2018
-2023
-1896
-1900
-1768
-1772
-1634
-1638
-1495
-1498
-1351
-1353
-1202
-1205
-1051
-1051
-894
-895
-733
-735
-574
-574
-410
-409
-246
-244
-80
-78
87
88
252
255
416
420
580
583
741
745
899
905
1055
1062
1207
1214
1356
1362
1499
1506
1639
1646
1773
1779
1900
1908
2022
2029
2136
2145
2244
2254
2344
2352
2434
2445
2519
2531
2594
2606
2662
2672
2721
2731
2770
2780
2811
2821
2841
2852
2863
2873
2874
2885
2876
2887
2870
2879
2852
2862
2827
2836
2791
2799
2747
2755
2692
2700
2629
2638
2560
2565
2477
2486
2390
2398
2293
2300
2190
2196
2078
2085
1961
1966
1837
1841
1706
1711
1571
1574
1428
1432
1283
1285
1131
1135
984
980
822
822
660
660
500
499
335
334
170
168
4
2
-161
-164
-328
-330
-492
-495
-655
-658
-815
-819
-971
-976
-1127
-1131
-1277
-1283
-1424
-1430
-1564
-1572
-1701
-1709
-1832
-1840
-1957
-1965
-2075
-2084
-2187
-2195
-2290
-2300
-2387
-2396
-2475
-2485
-2556
-2565
-2629
-2637
-2692
-2700
-2747
-2755
-2791
-2801
-2826
-2837
-2855
-2864
-2870
-2880
-2878
-2888
-2877
-2886
-2866
-2873
-2845
-2853
-2813
-2822
-2775
-2782
-2725
-2733
-2668
-2675
-2602
-2608
-2525
-2531
-2440
-2447
-2349
-2354
-2249
-2254
-2142
-2146
-2027
-2031
-1907
-1910
-1780
-1783
-1646
-1649
-1508
-1509
-1364
-1366
-1215
-1217
-1063
-1064
-907
-908
-750
-750
-588
-588
-425
-424
-260
-260
-95
-93
71
74
235
239
400
405
565
568
724
729
884
889
1045
1047
1195
1200
1341
1349
1487
1495
1627
1634
1760
1769
1890
1896
2010
2019
2127
2135
2235
2244
2334
2344
2428
2437
2514
2524
2590
2600
2658
2668
2717
2727
2767
2778
2809
2818
2841
2850
2864
2873
2876
2885
2879
2888
2871
2882
2858
2866
2831
2840
2797
2805
2754
2761
2700
2708
2637
2645
2567
2574
2487
2494
2400
2406
2305
2311
2201
2207
2092
2096
1973
1978
1850
1854
1719
1723
1583
1587
1442
1445
1296
1300
1147
1148
994
993
835
837
677
676
515
513
350
348
186
184
20
18
-147
-149
-312
-315
-474
-480
-638
-643
-798
-804
-958
-962
-1110
-1117
-1262
-1268
-1409
-1415
-1550
-1557
-1688
-1696
-1818
-1828
-1945
-1953
-2062
-2072
-2175
-2183
-2280
-2290
-2377
-2387
-2467
-2476
-2548
-2558
-2621
-2631
-2686
-2695
-2740
-2751
-2785
-2797
-2825
-2834
-2850
-2861
-2869
-2879
-2878
-2888
-2876
-2886
-2866
-2875
-2847
-2855
-2817
-2825
-2778
-2786
-2729
-2738
-2673
-2681
-2606
-2615
-2532
-2539
-2449
-2456
-2358
-2365
-2258
-2265
-2153
-2158
-2040
-2044
-1919
-1923
-1792
-1795
-1659
-1663
-1522
-1525
-1378
-1381
-1230
-1232
-1078
-1080
-923
-923
-763
-764
-604
-603
-440
-440
-276
-275
-112
-109
55
57
220
223
386
389
548
552
708
715
871
874
1028
1033
1181
1185
1328
1334
1473
1480
1614
1620
1747
1754
1876
1884
1999
2007
2113
2123
2222
2233
2325
2333
2419
2428
2504
2514
2582
2590
2652
2661
2709
2720
2763
2770
2805
2813
2836
2846
2860
2868
2874
2882
2878
2887
2872
2882
2858
2866
2835
2842
2800
2808
2757
2764
2706
2713
2644
2652
2574
2581
2494
2502
2408
2415
2315
2320
2212
2217
2101
2107
1985
1989
1861
1865
1731
1735
1597
1600
1458
1459
1311
1312
1161
1163
1009
1009
850
851
692
691
531
527
368
363
2592
2600
2516
2525
2433
2439
2339
2346
2239
2246
2131
2137
2016
2022
1894
1900
1765
1771
1633
1637
1495
1497
1351
1353
1202
1203
1054
1052
896
893
734
734
574
573
410
409
245
243
81
78
-86
-88
-251
-254
-416
-419
-579
-582
-741
-744
-899
-905
-1055
-1061
-1209
-1214
-1356
-1362
-1502
-1508
-1639
-1647
-1773
-1779
-1901
-1907
-2022
-2031
-2136
-2145
-2244
-2253
-2345
-2353
-2436
-2445
-2521
-2531
-2597
-2606
-2663
-2675
-2724
-2732
-2772
-2781
-2812
-2822
-2843
-2853
-2864
-2874
-2876
-2886
-2880
-2889
-2872
-2881
-2856
-2864
-2830
-2839
-2795
-2804
-2749
-2758
-2694
-2703
-2632
-2640
-2560
-2568
-2480
-2487
-2394
-2399
-2297
-2302
-2192
-2198
-2080
-2086
-1963
-1967
-1839
-1842
-1709
-1712
-1572
-1575
-1432
-1433
-1284
-1287
-1134
-1135
-981
-982
-821
-822
-661
-661
-500
-500
-337
-335
-171
-169
-6
-3
160
163
325
330
488
494
652
656
812
818
973
976
1127
1128
1273
1281
1420
1427
1564
1571
1699
1707
1829
1838
1955
1964
2074
2083
2184
2194
2288
2299
2386
2396
2476
2485
2553
2564
2628
2637
2689
2701
2744
2755
2791
2800
2826
2837
2854
2863
2868
2879
2877
2888
2877
2887
2866
2874
2844
2852
2813
2822
2773
2782
2724
2733
2667
2675
2600
2609
2525
2532
2440
2448
2348
2356
2250
2256
2143
2148
2028
2034
1907
1912
1779
1785
1645
1650
1509
1512
1365
1367
1215
1218
1063
1066
909
909
748
751
589
589
425
425
260
260
96
94
-72
-74
-237
-238
-400
-404
-564
-568
-726
-729
-885
-889
-1041
-1045
-1194
-1199
-1342
-1348
-1486
-1493
-1627
-1633
-1761
-1767
-1888
-1896
-2010
-2017
-2124
-2134
-2233
-2241
-2334
-2341
-2426
-2435
-2514
-2520
-2590
-2598
-2657
-2666
-2716
-2726
-2767
-2776
-2806
-2817
-2839
-2848
-2862
-2870
-2874
-2884
-2877
-2887
-2871
-2881
-2857
-2866
-2832
-2839
-2796
-2805
-2752
-2761
-2700
-2708
-2637
-2645
-2568
-2574
-2488
-2495
-2400
-2407
-2304
-2312
-2203
-2207
-2092
-2096
-1974
-1978
-1851
-1854
-1721
-1724
-1585
-1587
-1445
-1446
-1299
-1300
-1149
-1150
-996
-996
-838
-837
-679
-678
-516
-514
-353
-350
-187
-183
-22
-19
145
147
310
315
474
478
636
642
798
802
955
960
1110
1116
1262
1266
1408
1415
1550
1557
1686
1693
1817
1827
1944
1953
2062
2070
2174
2184
2279
2289
2376
2386
2465
2476
2547
2557
2621
2630
2684
2695
2738
2750
2785
2795
2822
2833
2850
2859
2868
2877
2876
2887
2876
2884
2864
2874
2844
2854
2814
2825
2775
2785
2728
2737
2672
2681
2606
2613
2532
2539
2449
2456
2357
2365
2258
2265
2151
2157
2039
2043
1919
1923
1792
1795
1659
1662
1522
1525
1377
1380
1229
1232
1078
1081
920
924
765
765
602
604
440
440
275
275
110
108
-56
-58
-221
-224
-386
-388
-549
-553
-712
-714
-870
-875
-1026
-1033
-1180
-1184
-1328
-1335
-1474
-1481
-1614
-1621
-1749
-1756
-1877
-1884
-2001
-2008
-2115
-2124
-2226
-2232
-2326
-2334
-2419
-2427
-2505
-2514
-2582
-2591
-2651
-2659
-2711
-2720
-2763
-2770
-2803
-2812
-2836
-2846
-2859
-2869
-2873
-2883
-2877
-2888
-2873
-2881
-2858
-2865
-2834
-2841
-2800
-2808
-2757
-2764
-2704
-2711
-2644
-2650
-2573
-2580
-2495
-2501
-2408
-2414
-2313
-2319
-2211
-2216
-2101
-2107
-1985
-1989
-1863
-1866
-1733
-1736
-1597
-1600
-1458
-1459
-1313
-1314
-1162
-1163
-1009
-1009
-853
-852
-693
-692
-530
-529
-368
-365
-202
-200
-36
-34
129
132
295
298
459
464
622
627
783
788
939
946
1094
1103
1247
1254
1394
1401
1536
1545
1674
1683
1805
1814
1931
1940
2052
2061
2166
2175
2270
2278
2368
2377
2459
2468
2540
2550
2614
2623
2678
2688
2735
2745
2782
2791
2820
2829
2848
2858
2868
2877
2877
2885
2876
2885
2865
2875
2846
2857
2817
2826
2780
2790
2734
2741
2677
2684
2612
2619
2537
2545
2454
2462
2364
2370
2267
2273
2160
2167
2047
2054
1928
1933
1803
1807
1670
1674
1532
1537
1390
1393
1242
1244
1092
1094
937
938
779
779
617
618
456
455
291
290
127
125
-40
-42
-207
-208
-370
-375
-535
-538
-696
-701
-856
-862
-1012
-1017
-1167
-1172
-1317
-1322
-1461
-1469
-1601
-1607
-1737
-1743
-1867
-1874
-1988
-1996
-2105
-2113
-2215
-2223
-2317
-2325
-2411
-2419
-2496
-2506
-2576
-2585
-2646
-2654
-2707
-2715
-2757
-2769
-2801
-2811
-2834
-2843
-2859
-2867
-2874
-2882
-2878
-2887
-2874
-2883
-2860
-2870
-2837
-2846
-2803
-2812
-2762
-2769
-2710
-2718
-2651
-2657
-2580
-2588
-2503
-2509
-2418
-2423
-2322
-2329
-2222
-2226
-2114
-2117
-1995
-2000
-1874
-1879
-1744
-1748
-1610
-1614
-1470
-1473
-1325
-1327
-1175
-1176
-1022
-1023
-867
-866
-707
-707
-545
-544
-381
-380
-217
-214
-52
-48
114
118
280
284
444
449
608
612
768
773
926
932
1083
1088
1233
1240
1380
1388
1524
1532
1663
1670
1793
1802
1922
1931
2040
2050
2155
2164
2261
2270
2361
2370
2450
2460
2534
2543
2608
2618
2675
2685
2729
2741
2778
2788
2817
2826
2846
2856
2867
2876
2876
2886
2876
2887
2868
2878
2850
2860
2823
2831
2786
2795
2740
2748
2684
2691
2619
2627
2547
2554
2465
2471
2375
2382
2277
2284
2172
2178
2061
2065
1941
1946
1815
1820
1684
1687
1546
1550
1407
1407
1257
1261
1108
1109
956
953
794
795
634
634
471
470
308
305
142
140
-25
-27
-191
-192
-355
-357
-519
-522
-681
-684
-840
-844
-997
-1002
-1151
-1157
-1302
-1307
-1447
-1452
-1587
-1594
-1722
-1730
-1853
-1860
-1976
-1984
-2093
-2101
-2204
-2212
-2306
-2316
-2402
-2411
-2489
-2498
-2568
-2578
-2638
-2649
-2700
-2710
-2754
-2762
-2796
-2807
-2831
-2842
-2857
-2865
-2872
-2882
-2878
-2888
-2875
-2883
-2861
-2871
-2839
-2848
-2807
-2816
-2767
-2774
-2715
-2725
-2657
-2664
-2588
-2595
-2512
-2518
-2426
-2432
-2331
-2339
-2231
-2238
-2123
-2129
-2008
-2012
-1887
-1891
-1758
-1762
-1624
-1626
-1483
-1487
-1339
-1341
-1190
-1192
-1039
-1039
-882
-883
-723
-722
-561
-560
-396
-397
-234
-231
-68
-66
99
102
266
268
427
433
591
595
752
757
913
917
1071
1073
1220
1225
1368
1375
1509
1518
1648
1656
1782
1790
1908
1917
2029
2038
2143
2153
2251
2260
2350
2358
2441
2451
2525
2535
2600
2610
2667
2676
2724
2734
2774
2783
2811
2823
2844
2852
2864
2873
2876
2885
2875
2886
2868
2878
2852
2862
2825
2834
2789
2797
2742
2751
2689
2698
2626
2632
2554
2560
2471
2480
2384
2391
2286
2293
2184
2188
2071
2077
1951
1958
1829
1831
1698
1702
1562
1564
1419
1421
1270
1275
1120
1124
967
968
808
810
649
649
486
487
324
322
157
155
-9
-11
-173
-176
-339
-342
-502
-507
-664
-670
-826
-831
-983
-988
-1137
-1142
-1286
-1294
-1433
-1440
-1574
-1581
-1709
-1717
-1841
-1847
-1965
-1972
-2084
-2091
-2193
-2202
-2297
-2305
-2393
-2402
-2481
-2489
-2559
-2569
-2632
-2640
-2695
-2702
-2748
-2756
-2792
-2801
-2828
-2836
-2853
-2862
-2869
-2879
-2877
-2886
-2873
-2883
-2862
-2871
-2842
-2849
-2809
-2818
-2768
-2777
-2720
-2727
-2662
-2668
-2595
-2600
-2517
-2523
-2433
-2438
-2340
-2347
-2240
-2246
-2134
-2137
-2019
-2022
-1898
-1901
-1769
-1772
-1635
-1638
-1496
-1500
-1353
-1354
-1203
-1204
-1051
-1051
-897
-896
-737
-737
-575
-574
-413
-411
-248
-246
-82
-79
84
87
249
253
413
418
577
582
738
743
897
903
1054
1059
1206
1212
1354
1361
1497
1505
1638
1645
1771
1779
1898
1906
2019
2029
2132
2143
2242
2252
2343
2352
2434
2445
2518
2529
2595
2604
2662
2673
2719
2732
2769
2780
2809
2821
2840
2851
2861
2872
2873
2884
2878
2886
2870
2880
2852
2863
2826
2836
2793
2802
2747
2757
2692
2701
2631
2638
2559
2568
2479
2488
2390
2399
2296
2304
2191
2199
2081
2086
1963
1969
1838
1844
1709
1713
1572
1576
1431
1434
1285
1288
1133
1138
977
982
823
824
664
664
500
499
337
336
172
170
6
3
-161
-162
-326
-328
-489
-493
-652
-656
-812
-817
-970
-974
-1123
-1130
-1274
-1280
-1420
-1428
-1562
-1569
-1699
-1706
-1829
-1839
-1955
-1963
-2073
-2082
-2185
-2194
-2289
-2298
-2385
-2395
-2475
-2484
-2556
-2565
-2627
-2637
-2690
-2701
-2745
-2755
-2790
-2799
-2826
-2837
-2853
-2862
-2869
-2880
-2878
-2888
-2876
-2886
-2864
-2875
-2843
-2853
-2811
-2823
-2773
-2783
-2725
-2734
-2667
-2676
-2601
-2608
-2524
-2532
-2443
-2449
-2350
-2356
-2250
-2256
-2144
-2149
-2030
-2034
-1907
-1913
-1782
-1785
-1648
-1651
-1510
-1512
-1366
-1368
-1218
-1219
-1067
-1068
-909
-911
-752
-753
-591
-590
-427
-428
-263
-261
-98
-96
69
71
233
237
399
401
562
566
724
727
883
888
1035
1044
1189
1198
1341
1347
1486
1492
1624
1632
1757
1765
1888
1896
2009
2017
2124
2132
2231
2241
2333
2342
2426
2435
2511
2521
2588
2596
2655
2665
2715
2724
2766
2775
2808
2816
2839
2847
2861
2870
2874
2884
2877
2887
2870
2880
2856
2864
2832
2840
2796
2805
2752
2760
2700
2707
2636
2646
2567
2574
2485
2495
2401
2406
2305
2311
2201
2207
2092
2097
1974
1979
1851
1855
1721
1724
1585
1588
1446
1447
1299
1301
1148
1149
994
995
840
838
679
678
516
516
354
350
188
185
22
19
-143
-148
-309
-312
-473
-476
-635
-640
-794
-801
-953
-959
-1108
-1115
-1257
-1266
-1405
-1412
-1548
-1557
-1685
-1694
-1816
-1826
-1943
-1951
-2062
-2070
-2173
-2183
-2278
-2288
-2376
-2385
-2466
-2476
-2547
-2556
-2619
-2630
-2683
-2695
-2740
-2749
-2786
-2796
-2823
-2833
-2850
-2860
-2869
-2879
-2876
-2886
-2877
-2886
-2866
-2875
-2846
-2854
-2816
-2825
-2779
-2787
-2731
-2738
-2674
-2681
-2607
-2615
-2534
-2539
-2449
-2457
-2359
-2365
-2261
-2266
-2154
-2159
-2041
-2044
-1919
-1924
-1794
-1797
-1660
-1664
-1522
-1525
-1379
-1382
-1232
-1234
-1079
-1081
-924
-925
-767
-766
-605
-605
-441
-441
-277
-277
-113
-111
54
56
217
222
384
387
548
552
709
714
868
873
1025
1029
1177
1184
1328
1333
1471
1478
1612
1618
1746
1753
1875
1883
1998
2005
2115
2122
2222
2230
2324
2332
2419
2427
2504
2513
2582
2590
2648
2660
2709
2720
2761
2771
2804
2814
2836
2846
2860
2870
2874
2884
2879
2888
2874
2882
2857
2867
2834
2843
2801
2809
2759
2766
2705
2714
2644
2653
2574
2583
2497
2504
2411
2417
2316
2321
2214
2219
2103
2109
1987
1992
1865
1868
1734
1737
1599
1604
1460
1460
1313
1316
1164
1165
1010
1010
854
854
694
694
533
532
369
366
204
201
38
37
-127
-131
-292
-296
-458
-461
-619
-625
-781
-786
-940
-945
-1094
-1100
-1245
-1251
-1392
-1399
-1534
-1541
-1672
-1680
-1804
-1813
-1931
-1938
-2050
-2059
-2163
-2172
-2269
-2278
-2367
-2376
-2456
-2466
-2539
-2548
-2611
-2623
-2677
-2687
-2733
-2743
-2780
-2791
-2818
-2829
-2847
-2858
-2865
-2876
-2876
-2886
-2876
-2885
-2865
-2875
-2848
-2857
-2819
-2828
-2781
-2790
-2734
-2742
-2678
-2687
-2614
-2621
-2539
-2547
-2456
-2465
-2368
-2374
-2270
-2275
-2163
-2169
-2051
-2056
-1931
-1936
-1805
-1810
-1673
-1676
-1537
-1539
-1393
-1396
-1247
-1247
-1095
-1095
-939
-940
-781
-781
-621
-620
-459
-458
-294
-293
-129
-126
38
39
202
206
369
370
531
535
694
697
852
857
1010
1014
1163
1168
1313
1319
1458
1464
1598
1605
1734
1741
1861
1870
1985
1993
2103
2111
2212
2221
2313
2324
2408
2417
2495
2504
2572
2581
2643
2653
2704
2714
2756
2765
2798
2808
2832
2842
2854
2866
2871
2880
2876
2885
2871
2882
2856
2867
2835
2843
2802
2811
2760
2768
2708
2716
2648
2657
2581
2587
2503
2510
2415
2423
2322
2330
2222
2228
2112
2118
1996
2002
1875
1878
1746
1750
1611
1614
1470
1474
1327
1329
1176
1179
1028
1025
869
868
707
709
547
546
382
381
217
217
51
50
-114
-117
-279
-282
-443
-447
-607
-611
-767
-772
-926
-931
-1080
-1086
-1233
-1239
-1380
-1387
-1524
-1530
-1662
-1668
-1794
-1801
-1920
-1928
-2040
-2049
-2154
-2162
-2260
-2269
-2360
-2368
-2451
-2459
-2533
-2543
-2607
-2617
-2674
-2683
-2731
-2740
-2778
-2787
-2817
-2825
-2845
-2856
-2867
-2876
-2877
-2885
-2878
-2885
-2867
-2877
-2850
-2859
-2823
-2831
-2785
-2794
-2739
-2747
-2683
-2692
-2620
-2627
-2546
-2555
-2465
-2472
-2376
-2382
-2279
-2284
-2175
-2179
-2062
-2067
-1942
-1947
-1818
-1822
-1686
-1690
-1549
-1552
-1407
-1409
-1261
-1262
-1109
-1110
-955
-955
-796
-796
-636
-636
-474
-473
-308
-308
-144
-143
22
23
188
191
353
357
517
520
679
683
837
843
1000
1001
1148
1155
1298
1306
1446
1452
1584
1593
1722
1730
1852
1860
1976
1983
2091
2101
2202
2212
2305
2315
2400
2410
2487
2498
2567
2578
2638
2647
2700
2709
2753
2762
2796
2807
2831
2841
2856
2866
2870
2882
2878
2887
2874
2883
2862
2871
2839
2848
2806
2817
2766
2774
2714
2723
2655
2663
2586
2595
2511
2517
2426
2432
2331
2339
2231
2236
2122
2128
2009
2013
1885
1890
1757
1761
1623
1627
1484
1486
1340
1342
1191
1192
1039
1039
881
883
722
723
562
560
398
398
234
232
69
67
-97
-100
-262
-266
-427
-431
-591
-595
-751
-755
-911
-915
-1066
-1072
-1217
-1224
-1366
-1372
-1510
-1518
-1649
-1656
-1782
-1789
-1908
-1917
-2028
-2038
-2143
-2153
-2250
-2259
-2349
-2361
-2442
-2451
-2526
-2536
-2600
-2611
-2668
-2678
-2724
-2735
-2774
-2784
-2813
-2824
-2844
-2854
-2864
-2875
-2876
-2886
-2878
-2887
-2872
-2881
-2853
-2862
-2827
-2834
-2790
-2799
-2744
-2753
-2690
-2698
-2627
-2634
-2554
-2561
-2473
-2481
-2383
-2391
-2289
-2294
-2184
-2190
-2070
-2078
-1952
-1959
-1830
-1834
-1698
-1702
-1560
-1564
-1420
-1423
-1275
-1276
-1121
-1124
-967
-969
-810
-811
-650
-650
-487
-487
-323
-323
-159
-156
7
10
175
177
339
341
502
505
662
669
825
829
982
987
1136
1142
1286
1292
1432
1439
1575
1580
1710
1716
1840
1849
1964
1972
2082
2092
2194
2203
2298
2305
2392
2402
2482
2490
2561
2570
2632
2642
2695
2706
2749
2759
2793
2804
2828
2838
2856
2865
2871
2882
2879
2889
2876
2886
2865
2873
2842
2851
2812
2820
2772
2779
2721
2729
2663
2671
2596
2604
2518
2527
2436
2442
2343
2349
2243
2249
2135
2141
2020
2025
1900
1903
1772
1775
1639
1641
1499
1501
1356
1356
1207
1208
1054
1053
896
899
739
738
578
578
415
413
249
249
84
82
-80
-85
-246
-250
-411
-415
-574
-579
-736
-740
-895
-900
-1051
-1056
-1204
-1209
-1352
-1358
-1495
-1503
-1635
-1641
-1769
-1776
-1896
-1904
-2017
-2024
-2132
-2141
-2240
-2249
-2339
-2349
-2432
-2441
-2518
-2527
-2592
-2603
-2661
-2670
-2719
-2728
-2769
-2780
-2810
-2820
-2840
-2850
-2863
-2873
-2874
-2884
-2876
-2887
-2871
-2880
-2855
-2863
-2828
-2838
-2793
-2802
-2749
-2758
-2696
-2702
-2632
-2640
-2561
-2569
-2481
-2488
-2394
-2401
-2298
-2303
-2195
-2199
-2083
-2088
-1966
-1970
-1840
-1844
-1712
-1714
-1575
-1578
-1432
-1437
-1287
-1288
-1138
-1138
-983
-984
-825
-825
-667
-666
-503
-503
-338
-338
-173
-172
-8
-6
158
159
322
325
487
490
649
653
809
814
969
972
1122
1126
1271
1277
1419
1425
1561
1567
1695
1703
1827
1836
1952
1961
2070
2079
2181
2191
2286
2296
2383
2392
2472
2481
2551
2561
2624
2634
2688
2698
2743
2752
2787
2798
2824
2835
2852
2861
2869
2878
2877
2886
2876
2884
2864
2873
2844
2852
2815
2821
2774
2783
2725
2734
2668
2675
2603
2609
2526
2534
2441
2449
2351
2357
2251
2258
2144
2150
2031
2034
1911
1914
1782
1786
1649
1653
1512
1514
1368
1370
1220
1222
1067
1070
912
913
753
754
594
591
429
427
265
263
100
96
-66
-69
-231
-235
-396
-401
-559
-564
-721
-727
-881
-886
-1037
-1044
-1190
-1196
-1339
-1345
-1484
-1490
-1623
-1629
-1756
-1764
-1886
-1892
-2007
-2016
-2122
-2131
-2230
-2239
-2330
-2341
-2424
-2434
-2510
-2519
-2587
-2596
-2653
-2664
-2714
-2724
-2764
-2775
-2806
-2815
-2836
-2848
-2862
-2871
-2874
-2882
-2874
-2885
-2871
-2880
-2855
-2864
-2829
-2839
-2796
-2805
-2753
-2761
-2700
-2706
-2637
-2645
-2567
-2574
-2489
-2495
-2400
-2408
-2306
-2312
-2203
-2208
-2092
-2099
-1977
-1981
-1852
-1855
-1723
-1726
-1587
-1588
-1446
-1449
-1301
-1303
-1152
-1152
-998
-998
-841
-840
-681
-681
-519
-517
-354
-353
-190
-188
-23
-21
142
144
306
309
472
474
633
637
796
799
953
957
1107
1115
1259
1265
1405
1411
1547
1554
1685
1692
1817
1824
1940
1950
2061
2069
2173
2182
2279
2286
2374
2384
2466
2476
2546
2556
2619
2629
2683
2694
2737
2750
2785
2795
2820
2832
2849
2858
2868
2876
2876
2886
2876
2885
2865
2875
2845
2855
2816
2825
2777
2786
2730
2738
2675
2681
2605
2614
2531
2539
2451
2457
2359
2365
2260
2265
2155
2159
2042
2045
1921
1926
1794
1798
1662
1666
1524
1526
1380
1384
1234
1234
1079
1084
923
926
768
767
607
606
444
442
280
277
114
112
-52
-54
-216
-221
-382
-387
-544
-550
-707
-712
-867
-873
-1024
-1029
-1177
-1182
-1325
-1332
-1471
-1477
-1611
-1618
-1745
-1754
-1875
-1882
-1997
-2006
-2114
-2122
-2223
-2232
-2323
-2334
-2419
-2428
-2504
-2513
-2581
-2591
-2651
-2660
-2712
-2720
-2763
-2771
-2805
-2814
-2837
-2848
-2859
-2870
-1284
-1292
-1430
-1438
-1572
-1579
-1709
-1716
-1839
-1847
-1963
-1971
-2082
-2089
-2191
-2199
-2296
-2304
-2392
-2400
-2479
-2489
-2560
-2570
-2631
-2641
-2694
-2704
-2748
-2758
-2793
-2803
-2827
-2837
-2853
-2863
-2870
-2880
-2877
-2886
-2873
-2885
-2862
-2872
-2841
-2849
-2810
-2819
-2770
-2778
-2721
-2730
-2662
-2671
-2595
-2603
-2520
-2527
-2436
-2442
-2342
-2349
-2242
-2249
-2135
-2140
-2020
-2026
-1898
-1903
-1770
-1775
-1638
-1641
-1498
-1502
-1354
-1358
-1206
-1208
-1054
-1055
-897
-899
-738
-739
-578
-578
-413
-413
-250
-248
-84
-82
82
83
247
249
412
415
575
578
738
740
897
900
1051
1057
1205
1209
1353
1359
1497
1503
1635
1642
1769
1776
1898
1905
2019
2026
2131
2140
2240
2250
2341
2349
2432
2442
2517
2526
2594
2602
2661
2672
2720
2729
2769
2778
2809
2821
2841
2850
2860
2872
2875
2883
2877
2886
2871
2879
2854
2862
2830
2837
2794
2801
2747
2756
2694
2701
2632
2639
2562
2567
2482
2487
2394
2400
2297
2303
2194
2199
2083
2088
1967
1969
1841
1843
1709
1713
1574
1577
1434
1436
1287
1288
1135
1139
983
984
828
826
666
665
504
503
340
339
175
173
11
6
-156
-160
-321
-326
-486
-490
-648
-653
-807
-815
-966
-972
-1120
-1128
-1270
-1279
-1418
-1425
-1561
-1568
-1696
-1705
-1827
-1836
-1952
-1963
-2072
-2080
-2182
-2192
-2288
-2297
-2383
-2394
-2472
-2484
-2553
-2563
-2626
-2637
-2689
-2700
-2744
-2755
-2789
-2800
-2824
-2836
-2851
-2863
-2868
-2880
-2877
-2887
-2876
-2886
-2864
-2875
-2844
-2853
-2812
-2823
-2773
-2784
-2726
-2735
-2668
-2677
-2601
-2610
-2526
-2534
-2442
-2449
-2351
-2358
-2251
-2257
-2144
-2149
-2030
-2035
-1909
-1915
-1782
-1787
-1650
-1653
-1512
-1514
-1369
-1371
-1219
-1222
-1068
-1069
-913
-912
-754
-755
-593
-592
-428
-429
-265
-264
-100
-98
67
68
232
233
396
399
560
563
722
726
879
885
1034
1042
1190
1195
1341
1344
1482
1489
1623
1630
1757
1764
1885
1892
2007
2015
2122
2130
2231
2239
2331
2340
2425
2433
2508
2519
2585
2596
2654
2664
2714
2724
2766
2775
2807
2815
2838
2847
2862
2871
2874
2883
2879
2887
2872
2880
2856
2865
2833
2839
2797
2804
2753
2761
2700
2707
2639
2645
2569
2575
2490
2496
2401
2406
2306
2312
2203
2209
2091
2097
1977
1980
1853
1855
1723
1725
1586
1590
1446
1449
1300
1301
1150
1152
995
996
842
841
681
680
518
518
356
353
190
188
25
21
-142
-145
-307
-311
-469
-475
-634
-638
-794
-799
-953
-958
-1107
-1113
-1259
-1265
-1406
-1413
-1547
-1555
-1684
-1693
-1816
-1825
-1942
-1950
-2060
-2070
-2173
-2182
-2278
-2288
-2376
-2386
-2466
-2476
-2547
-2557
-2619
-2631
-2684
-2695
-2740
-2750
-2788
-2797
-2824
-2833
-2852
-2862
-2870
-2879
-2878
-2889
-2878
-2887
-2866
-2877
-2848
-2858
-2819
-2828
-2780
-2787
-2731
-2741
-2675
-2683
-2610
-2617
-2534
-2543
-2452
-2459
-2361
-2367
-2263
-2269
-2156
-2161
-2043
-2048
-1922
-1927
-1796
-1800
-1664
-1668
-1524
-1528
-1382
-1384
-1235
-1237
-1083
-1085
-928
-928
-769
-769
-607
-608
-445
-445
-280
-279
-115
-113
50
52
216
219
381
384
544
548
707
709
865
871
1023
1026
1175
1180
