1651 9 80000000 0 1388 9
2819
2829
2829
2838
2828
2839
2817
2828
2801
2810
2771
2781
2734
2743
2689
2697
2633
2641
2570
2577
2498
2503
2418
2423
2328
2334
2231
2237
2127
2132
2017
2021
1899
1902
1775
1778
1645
1648
1510
1513
1370
1371
1227
1225
1073
1078
921
923
768
767
609
610
450
449
287
286
125
124
-36
-41
-201
-204
-362
-367
-523
-528
-682
-688
-839
-845
-993
-999
-1145
-1150
-1292
-1297
-1435
-1441
-1572
-1580
-1705
-1713
-1832
-1841
-1954
-1962
-2068
-2076
-2175
-2184
-2276
-2284
-2368
-2379
-2453
-2463
-2531
-2540
-2599
-2609
-2660
-2669
-2711
-2719
-2753
-2763
-2786
-2795
-2810
-2820
-2825
-2834
-2830
-2839
-2826
-2835
-2811
-2820
-2789
-2798
-2756
-2765
-2715
-2723
-2665
-2673
-2606
-2614
-2540
-2545
-2463
-2469
-2379
-2385
-2286
-2291
-2187
-2191
-2079
-2084
-1965
-1970
-1845
-1849
-1716
-1722
-1585
-1589
-1447
-1451
-1304
-1308
-1158
-1160
-1008
-1011
-855
-856
-697
-698
-538
-538
-379
-378
-216
-215
-53
-51
110
112
273
275
434
437
594
598
754
755
908
912
1061
1065
1210
1216
1355
1362
1495
1502
1631
1640
1760
1769
1886
1894
2005
2012
2115
2124
2221
2229
2318
2325
2406
2417
2488
2497
2560
2570
2626
2636
2681
2692
2728
2737
2765
2776
2796
2805
2815
2825
2826
2836
2826
2836
2817
2828
2801
2810
2772
2781
2737
2745
2691
2699
2637
2644
2574
2581
2502
2510
2422
2429
2336
2342
2240
2245
2136
2142
2027
2031
1909
1912
1787
1789
1657
1661
1521
1525
1380
1384
1238
1240
1088
1089
936
937
782
782
624
624
463
464
303
301
141
138
-22
-25
-186
-188
-348
-352
-509
-514
-669
-672
-825
-830
-979
-985
-1131
-1137
-1278
-1286
-1422
-1428
-1560
-1567
-1694
-1700
-1822
-1829
-1943
-1951
-2058
-2066
-2166
-2176
-2268
-2277
-2362
-2371
-2448
-2456
-2524
-2535
-2595
-2604
-2655
-2664
-2708
-2716
-2750
-2760
-2784
-2793
-2808
-2816
-2824
-2834
-2830
-2839
-2826
-2836
-2813
-2822
-2791
-2800
-2760
-2768
-2720
-2728
-2670
-2678
-2613
-2619
-2544
-2551
-2470
-2476
-2386
-2393
-2294
-2300
-2194
-2199
-2089
-2093
-1975
-1980
-1856
-1859
-1729
-1732
-1597
-1601
-1462
-1463
-1318
-1320
-1172
-1174
-1022
-1023
-868
-870
-711
-714
-552
-553
-392
-393
-231
-229
-66
-66
96
97
258
260
421
423
580
584
741
743
895
899
1047
1054
1198
1204
1344
1349
1484
1491
1620
1628
1751
1759
1877
1884
1995
2004
2106
2116
2211
2221
2310
2319
2402
2410
2485
2492
2559
2566
2622
2632
2680
2688
2726
2736
2765
2776
2797
2805
2817
2825
2826
2835
2829
2837
2822
2829
2804
2812
2779
2785
2742
2749
2699
2704
2644
2650
2582
2589
2511
2517
2431
2438
2345
2349
2248
2255
2144
2151
2036
2042
1921
1925
1799
1802
1669
1671
1534
1537
1395
1398
1252
1252
1103
1105
950
951
796
797
638
638
480
478
319
317
157
154
-7
-9
-170
-173
-332
-336
-492
-498
-652
-658
-810
-816
-964
-970
-1117
-1124
-1265
-1272
1436
1438
1294
1294
1146
1147
993
995
841
840
684
683
524
523
364
362
201
199
39
36
-125
-128
-288
-291
-448
-453
-609
-613
-766
-773
-922
-928
-1074
-1081
-1224
-1230
-1368
-1376
-1508
-1516
-1643
-1651
-1774
-1782
-1898
-1906
-2016
-2025
-2127
-2135
-2231
-2240
-2327
-2336
-2415
-2424
-2497
-2506
-2569
-2579
-2634
-2641
-2687
-2697
-2734
-2744
-2771
-2782
-2798
-2809
-2818
-2829
-2827
-2838
-2827
-2837
-2817
-2828
-2800
-2808
-2772
-2781
-2732
-2742
-2688
-2696
-2633
-2641
-2569
-2577
-2497
-2504
-2415
-2423
-2328
-2334
-2231
-2237
-2128
-2133
-2018
-2021
-1899
-1904
-1777
-1779
-1646
-1649
-1511
-1514
-1369
-1373
-1224
-1228
-1077
-1078
-925
-926
-767
-768
-610
-611
-452
-450
-288
-288
-126
-125
36
39
198
203
362
364
522
526
680
685
839
843
989
998
1139
1149
1291
1298
1431
1440
1572
1577
1704
1711
1829
1838
1951
1961
2067
2075
2173
2183
2273
2284
2368
2378
2452
2462
2529
2539
2600
2608
2659
2669
2710
2718
2751
2760
2784
2794
2807
2818
2823
2832
2828
2838
2824
2833
2809
2819
2786
2795
2755
2763
2713
2722
2662
2671
2602
2611
2536
2543
2460
2466
2377
2382
2283
2289
2182
2190
2075
2083
1962
1967
1841
1846
1716
1719
1582
1586
1446
1448
1304
1306
1157
1159
1006
1008
853
854
697
697
536
536
377
374
215
213
51
49
-110
-113
-274
-277
-435
-439
-596
-601
-753
-759
-909
-915
-1062
-1068
-1212
-1219
-1356
-1364
-1498
-1505
-1635
-1641
-1765
-1772
-1887
-1897
-2008
-2015
-2119
-2127
-2222
-2231
-2319
-2328
-2410
-2419
-2491
-2500
-2564
-2573
-2628
-2638
-2685
-2694
-2732
-2742
-2770
-2780
-2798
-2809
-2819
-2828
-2828
-2838
-2829
-2839
-2821
-2830
-2803
-2812
-2777
-2785
-2738
-2748
-2694
-2702
-2639
-2648
-2576
-2584
-2505
-2511
-2424
-2431
-2338
-2343
-2241
-2247
-2137
-2143
-2028
-2033
-1909
-1915
-1788
-1791
-1656
-1662
-1523
-1526
-1384
-1385
-1240
-1242
-1091
-1092
-938
-939
-783
-783
-626
-626
-466
-465
-304
-302
-142
-140
19
24
184
187
346
350
507
512
667
671
824
830
978
983
1128
1134
1276
1284
1420
1427
1559
1566
1692
1701
1819
1827
1941
1949
2056
2065
2166
2173
2267
2275
2360
2369
2445
2455
2524
2534
2593
2603
2654
2663
2705
2716
2750
2761
2785
2794
2808
2819
2823
2833
2831
2839
2827
2836
2815
2823
2792
2801
2760
2769
2719
2729
2670
2678
2612
2619
2544
2550
2470
2476
2387
2391
2294
2300
2196
2200
2087
2093
1975
1979
1855
1859
1729
1733
1598
1599
1461
1462
1317
1319
1173
1174
1020
1024
869
869
712
712
554
553
393
391
231
229
68
65
-95
-98
-257
-261
-419
-424
-579
-584
-738
-743
-893
-899
-1047
-1053
-1197
-1203
-1341
-1348
-1482
-1490
-1619
-1627
-1748
-1757
-1877
-1883
-1993
-2002
-2105
-2115
-2210
-2220
-2309
-2319
-2400
-2410
-2482
-2492
-2555
-2565
-2622
-2631
-2679
-2689
-2727
-2736
-2766
-2775
-2795
-2805
-2815
-2826
-2827
-2837
-2829
-2839
-2822
-2830
-2805
-2814
-2777
-2786
-2742
-2752
-2699
-2707
-2644
-2653
-2581
-2591
-2512
-2519
-2434
-2440
-2346
-2351
-2249
-2257
-2147
-2154
-2038
-2044
-1921
-1927
-1799
-1803
-1670
-1674
-1535
-1540
-1397
-1399
-1252
-1255
-1106
-1106
-954
-954
-799
-799
-640
-640
-481
-480
-320
-318
-158
-156
6
7
169
171
331
333
493
496
650
656
810
814
962
968
1114
1121
1263
1270
1408
1413
1545
1552
1679
1687
1807
1815
1928
1937
2045
2054
2153
2162
2256
2266
2350
2359
2436
2446
2516
2525
2586
2595
2649
2657
2701
2710
2746
2755
2779
2789
2804
2814
2822
2832
2829
2839
2827
2836
2816
2823
2793
2802
2764
2771
2722
2732
2673
2683
2618
2624
2549
2557
2476
2483
2394
2400
2302
2309
2204
2210
2097
2102
1987
1990
1864
1870
1741
1744
1609
1613
1474
1476
1331
1333
1187
1186
1032
1036
881
882
725
725
567
567
408
407
244
244
82
79
-80
-83
-244
-247
-406
-409
-566
-572
-725
-730
-881
-885
-1035
-1040
-1186
-1190
-1331
-1336
-1473
-1479
-1607
-1615
-1739
-1746
-1865
-1873
-1985
-1992
-2098
-2105
-2203
-2212
-2301
-2310
-2393
-2400
-2474
-2484
-2550
-2559
-2616
-2625
-2673
-2684
-2722
-2733
-2763
-2773
-2792
-2802
-2815
-2824
-2827
-2836
-2830
-2838
-2824
-2831
-2807
-2814
-2781
-2790
-2747
-2755
-2703
-2712
-2650
-2658
-2588
-2596
-2519
-2526
-2440
-2447
-2354
-2361
-2260
-2266
-2157
-2164
-2050
-2054
-1932
-1938
-1810
-1815
-1684
-1686
-1549
-1553
-1410
-1414
-1267
-1270
-1120
-1120
-968
-969
-814
-814
-656
-656
-495
-495
-334
-334
-172
-171
-9
-8
153
156
315
319
477
481
637
641
795
799
948
955
1101
1107
1250
1256
1394
1401
1534
1540
1667
1675
1795
1804
1918
1927
2033
2044
2144
2154
2246
2257
2341
2351
2430
2439
2509
2520
2581
2591
2643
2652
2694
2706
2741
2751
2775
2786
2802
2812
2820
2829
2827
2837
2826
2836
2815
2824
2795
2803
2764
2774
2727
2734
2678
2687
2621
2629
2556
2563
2483
2490
2401
2407
2311
2318
2213
2219
2108
2113
1995
2001
1876
1882
1752
1756
1623
1626
1485
1489
1345
1346
1200
1201
1051
1052
898
897
740
741
582
582
423
420
261
259
98
95
-65
-68
-228
-232
-392
-394
-551
-555
-710
-714
-866
-871
-1021
-1026
-1171
-1177
-1318
-1324
-1459
-1466
-1596
-1603
-1728
-1735
-1854
-1862
-1974
-1982
-2088
-2095
-2194
-2203
-2293
-2302
-2386
-2394
-2469
-2478
-2544
-2554
-2611
-2622
-2670
-2680
-2719
-2728
-2760
-2770
-2791
-2802
-2814
-2823
-2827
-2836
-2831
-2839
-2823
-2833
-2807
-2818
-2783
-2794
-2751
-2760
-2707
-2716
-2656
-2662
-2595
-2602
-2525
-2532
-2448
-2454
-2362
-2368
-2269
-2274
-2168
-2173
-2059
-2063
-1945
-1949
-1823
-1825
-1694
-1697
-1560
-1565
-1423
-1425
-1280
-1282
-1132
-1134
-982
-982
-828
-828
-669
-669
-511
-510
-350
-349
-187
-186
-24
-22
138
141
300
304
462
467
622
627
780
785
934
941
1086
1094
1236
1243
1381
1387
1519
1527
1654
1662
1784
1792
1908
1916
2024
2033
2134
2144
2238
2247
2335
2343
2423
2431
2503
2512
2573
2583
2636
2647
2692
2701
2736
2747
2775
2783
2802
2811
2819
2829
2829
2837
2829
2836
2819
2826
2796
2806
2768
2778
2731
2740
2683
2692
2627
2636
2563
2571
2490
2497
2410
2415
2321
2324
2222
2229
2118
2123
2005
2012
1887
1893
1764
1768
1635
1639
1497
1501
1358
1360
1212
1214
1065
1063
914
912
755
756
599
597
437
437
276
274
114
112
-49
-51
-213
-216
-376
-378
-535
-539
-695
-699
-852
-856
-1005
-1011
-1156
-1160
-1304
-1309
-1445
-1451
-1582
-1588
-1715
-1722
-1843
-1849
-1964
-1971
-2076
-2084
-2185
-2192
-2283
-2292
-2376
-2385
-2462
-2469
-2538
-2547
-2605
-2614
-2664
-2674
-2715
-2724
-2756
-2766
-2790
-2799
-2812
-2820
-2826
-2835
-2831
-2839
-2823
-2834
-2810
-2819
-2788
-2796
-2755
-2762
-2711
-2720
-2660
-2668
-2601
-2608
-2532
-2539
-2454
-2462
-2371
-2377
-2278
-2283
-2175
-2182
-2068
-2074
-1954
-1960
-1833
-1838
-1706
-1709
-1574
-1576
-1436
-1438
-1293
-1294
-1145
-1147
-995
-996
-840
-841
-683
-684
-525
-524
-364
-362
-202
-199
-39
-36
123
127
285
289
448
452
608
613
765
771
921
928
1074
1080
1221
1229
1366
1374
1508
1516
1644
1652
1772
1782
1896
1906
2015
2024
2126
2134
2231
2240
2327
2336
2415
2425
2498
2506
2569
2579
2633
2643
2689
2698
2734
2745
2773
2783
2802
2811
2820
2829
2829
2838
2828
2839
2820
2830
2802
2811
2774
2783
2736
2746
2690
2699
2636
2643
2570
2580
2499
2507
2419
2426
2330
2337
2234
2239
2129
2135
2018
2024
1902
1905
1777
1782
1646
1652
1511
1515
1372
1376
1227
1231
1080
1080
929
927
769
770
612
612
451
452
292
289
128
126
-36
-37
-197
-200
-361
-362
-522
-525
-681
-684
-838
-841
-991
-996
-1142
-1148
-1289
-1296
-1432
-1439
-1570
-1577
-1703
-1710
-1831
-1837
-1951
-1959
-2065
-2074
-2174
-2183
-2275
-2284
-2367
-2376
-2453
-2462
-2530
-2540
-2597
-2608
-2659
-2668
-2710
-2719
-2752
-2762
-2786
-2794
-2811
-2819
-2825
-2834
-2829
-2839
-2825
-2835
-2814
-2822
-2789
-2798
-2756
-2765
-2716
-2725
-2667
-2674
-2608
-2615
-2538
-2545
-2462
-2469
-2379
-2385
-2286
-2292
-2188
-2192
-2079
-2085
-1965
-1970
-1845
-1848
-1720
-1722
-1586
-1589
-1449
-1450
-1308
-1308
-1160
-1161
-1010
-1011
-856
-856
-700
-699
-540
-540
-379
-377
-217
-215
-55
-52
107
112
271
275
432
437
594
598
751
754
906
912
1058
1065
1208
1214
1355
1360
1495
1501
1630
1638
1759
1769
1885
1894
2003
2013
2114
2123
2219
2228
2318
2326
2407
2416
2487
2497
2562
2570
2626
2635
2682
2691
2730
2739
2767
2777
2797
2806
2816
2825
2826
2835
2828
2837
2818
2828
2803
2810
2775
2784
2737
2747
2692
2701
2638
2645
2576
2583
2504
2511
2424
2431
2337
2343
2241
2248
2138
2144
2027
2034
1910
1916
1787
1792
1658
1662
1523
1527
1383
1387
1240
1242
1092
1095
942
941
784
784
626
626
468
465
306
304
141
140
-19
-23
-182
-186
-345
-349
-507
-509
-666
-670
-825
-828
-978
-983
-1128
-1135
-1277
-1283
-1420
-1427
-1559
-1565
-1691
-1699
-1820
-1828
-1942
-1950
-2057
-2065
-2166
-2173
-2267
-2274
-2359
-2369
-2446
-2456
-2523
-2533
-2593
-2603
-2654
-2663
-2705
-2716
-2750
-2758
-2783
-2791
-2807
-2816
-2823
-2832
-2828
-2838
-2826
-2834
-2814
-2821
-2791
-2799
-2760
-2768
-2719
-2727
-2671
-2678
-2612
-2620
-2544
-2551
-2470
-2476
-2387
-2392
-2295
-2301
-2195
-2202
-2089
-2095
-1975
-1981
-1855
-1860
-1730
-1734
-1598
-1602
-1463
-1464
-1320
-1322
-1173
-1175
-1024
-1025
-871
-870
-713
-714
-554
-554
-393
-392
-233
-231
-70
-68
93
95
257
261
418
422
579
582
736
742
891
898
1046
1052
1196
1202
1340
1348
1482
1489
1618
1626
1750
1757
1875
1883
1994
2002
2106
2114
2211
2220
2308
2318
2399
2409
2481
2492
2555
2567
2621
2630
2678
2688
2725
2737
2765
2776
2795
2805
2816
2825
2826
2836
2827
2838
2821
2830
2802
2812
2778
2787
2742
2751
2695
2706
2643
2653
2581
2589
2511
2518
2430
2440
2344
2352
2251
2257
2147
2154
2038
2043
1922
1926
1799
1803
1670
1675
1536
1540
1396
1400
1252
1256
1105
1106
952
955
797
799
641
641
481
481
321
320
157
156
-5
-7
-169
-170
-331
-333
-492
-495
-650
-655
-809
-813
-962
-968
-1114
-1120
-1262
-1268
-1405
-1413
-1545
-1552
-1679
-1686
-1807
-1815
-1930
-1937
-2046
-2053
-2155
-2163
-2257
-2265
-2352
-2360
-2439
-2448
-2518
-2526
-2587
-2596
-2649
-2658
-2702
-2712
-2745
-2755
-2781
-2790
-2807
-2816
-2823
-2832
-2830
-2839
-2829
-2836
-2816
-2824
-2795
-2803
-2763
-2773
-2723
-2733
-2675
-2683
-2617
-2625
-2553
-2559
-2477
-2484
-2394
-2401
-2304
-2309
-2205
-2211
-2099
-2104
-1987
-1991
-1866
-1872
-1741
-1745
-1611
-1614
-1473
-1477
-1333
-1335
-1187
-1189
-1036
-1038
-883
-883
-728
-728
-568
-569
-408
-408
-247
-245
-85
-82
79
81
242
244
403
407
564
568
723
727
878
884
1036
1035
1181
1186
1329
1334
1470
1476
1606
1613
1739
1746
1864
1871
1982
1991
2095
2104
2204
2212
2302
2310
2392
2401
2476
2485
2551
2561
2617
2627
2674
2685
2724
2734
2764
2774
2794
2804
2816
2826
2829
2839
2831
2841
2825
2833
2809
2818
2783
2791
2747
2758
2705
2713
2652
2660
2590
2598
2520
2527
2442
2450
2355
2362
2261
2267
2159
2165
2050
2056
1935
1939
1813
1816
1686
1689
1552
1554
1411
1415
1267
1270
1123
1121
974
970
815
813
657
656
498
497
337
335
174
172
11
8
-152
-155
-315
-317
-476
-479
-635
-639
-793
-797
-947
-953
-1099
-1104
-1247
-1253
-1391
-1398
-1531
-1538
-1666
-1673
-1795
-1802
-1918
-1926
-2034
-2041
-2144
-2151
-2246
-2255
-2341
-2350
-2429
-2437
-2508
-2517
-2579
-2589
-2642
-2652
-2695
-2706
-2742
-2751
-2777
-2787
-2804
-2813
-2820
-2830
-2828
-2838
-2827
-2836
-2815
-2825
-2795
-2806
-2766
-2776
-2728
-2735
-2680
-2688
-2624
-2633
-2559
-2567
-2485
-2492
-2403
-2409
-2313
-2320
-2215
-2222
-2110
-2115
-1998
-2003
-1881
-1885
-1756
-1759
-1625
-1627
-1489
-1492
-1348
-1349
-1201
-1203
-1053
-1053
-900
-900
-744
-744
-586
-583
-423
-423
-262
-261
-100
-98
63
67
224
229
387
392
548
553
708
712
863
869
1014
1023
1165
1174
1314
1320
1454
1463
1592
1600
1724
1733
1850
1859
1970
1979
2083
2094
2192
2200
2290
2298
2381
2391
2468
2475
2542
2551
2607
2618
2666
2678
2717
2727
2757
2767
2788
2800
2811
2822
2825
2834
2827
2838
2823
2832
2807
2817
2783
2792
2748
2758
2708
2714
2656
2663
2594
2602
2525
2533
2449
2455
2362
2369
2268
2275
2168
2173
2058
2065
1942
1949
1822
1827
1696
1699
1561
1566
1425
1426
1282
1283
1135
1136
987
983
829
828
672
671
513
512
351
350
189
187
27
23
-137
-142
-301
-303
-462
-466
-620
-625
-781
-783
-935
-940
-1088
-1092
-1235
-1242
-1381
-1387
-1520
-1526
-1654
-1661
-1783
-1791
-1907
-1915
-2024
-2032
-2135
-2144
-2239
-2246
-2334
-2343
-2421
-2431
-2502
-2511
-2574
-2584
-2637
-2647
-2691
-2701
-2738
-2746
-2775
-2782
-2801
-2809
-2819
-2828
-2829
-2838
-2828
-2836
-2817
-2826
-2798
-2807
-2769
-2778
-2731
-2740
-2685
-2693
-2630
-2636
-2565
-2572
-2492
-2499
-2412
-2417
-2323
-2327
-2224
-2230
-2119
-2125
-2010
-2014
-1890
-1895
-1766
-1769
-1636
-1639
-1502
-1504
-1361
-1362
-1214
-1216
-1066
-1068
-913
-914
-758
-758
-598
-598
-440
-438
-278
-276
-114
-113
47
51
211
215
373
376
535
538
692
697
847
853
1002
1009
1153
1161
1302
1307
1443
1450
1581
1589
1712
1723
1839
1848
1959
1970
2076
2084
2181
2191
2279
2292
2374
2384
2459
2469
2534
2546
2604
2613
2663
2673
2714
2724
2755
2764
2789
2797
2811
2821
2823
2835
2829
2838
2824
2833
2809
2819
2785
2795
2753
2762
2711
2720
2660
2669
2599
2609
2532
2540
2455
2464
2371
2377
2277
2284
2177
2183
2069
2075
1955
1960
1833
1839
1707
1711
1575
1577
1438
1440
1296
1297
1146
1149
1001
998
842
843
686
688
528
526
366
365
204
204
41
40
-123
-123
-286
-287
-446
-449
-608
-610
-765
-769
-920
-925
-1074
-1077
-1223
-1226
-1367
-1373
-1507
-1513
-1642
-1650
-1771
-1780
-1895
-1903
-2012
-2022
-2125
-2134
-2230
-2237
-2325
-2334
-2415
-2424
-2495
-2504
-2568
-2577
-2632
-2641
-2688
-2696
-2734
-2743
-2772
-2781
-2799
-2809
-2820
-2828
-2829
-2836
-2828
-2836
-2819
-2828
-2799
-2809
-2773
-2781
-2736
-2744
-2689
-2697
-2636
-2642
-2570
-2577
-2498
-2504
-2419
-2425
-2329
-2336
-2233
-2239
-2129
-2135
-2019
-2023
-1900
-1905
-1777
-1782
-1648
-1651
-1514
-1516
-1372
-1375
-1228
-1231
-1081
-1080
-927
-928
-773
-772
-615
-613
-453
-454
-292
-290
-130
-128
33
36
197
200
359
361
519
523
679
682
834
840
989
995
1139
1146
1286
1294
1430
1438
1569
1577
1701
1709
1829
1837
1952
1959
2066
2073
2172
2182
2273
2282
2369
2376
2451
2462
2530
2539
2599
2609
2657
2668
2709
2719
2752
2761
2785
2795
2808
2819
2824
2834
2829
2839
2825
2835
2813
2821
2788
2799
2757
2766
2715
2725
2666
2674
2606
2615
2539
2547
2463
2470
2379
2386
2287
2293
2185
2193
2079
2085
1967
1971
1845
1851
1718
1722
1587
1590
1450
1453
1308
1309
1159
1162
1013
1011
856
856
701
700
543
540
381
380
218
217
55
54
-109
-110
-270
-272
-433
-435
-591
-596
-750
-754
-907
-911
-1058
-1064
-1208
-1214
-1354
-1359
-1493
-1501
-1630
-1637
-1759
-1768
-1885
-1893
-2004
-2011
-2117
-2123
-2222
-2228
-2318
-2326
-2410
-2417
-2489
-2498
-2561
-2572
-2628
-2637
-2685
-2693
-2733
-2740
-2772
-2779
-2798
-2808
-2817
-2828
-2829
-2838
-2831
-2839
-2822
-2831
-2805
-2812
-2778
-2785
-2743
-2750
-2697
-2704
-2642
-2649
-2579
-2586
-2508
-2514
-2428
-2434
-2341
-2346
-2244
-2249
-2141
-2147
-2032
-2036
-1914
-1918
-1791
-1794
-1662
-1665
-1527
-1530
-1388
-1389
-1243
-1245
-1095
-1096
-944
-942
-787
-787
-629
-629
-471
-468
-310
-307
-147
-144
17
19
179
183
342
346
503
507
662
667
818
825
977
980
1128
1131
1271
1279
1415
1422
1553
1562
1687
1695
1816
1825
1938
1947
2053
2062
2162
2172
2263
2274
2356
2367
2444
2452
2520
2532
2590
2602
2651
2662
2705
2714
2747
2758
2781
2792
2805
2818
2822
2833
2829
2839
2825
2837
2812
2822
2791
2801
2761
2769
2720
2730
2671
2680
2613
2621
2544
2554
2470
2478
2387
2394
2295
2303
2197
2203
2091
2097
1978
1983
1859
1863
1732
1736
1600
1604
1464
1468
1323
1325
1174
1178
1025
1026
870
874
715
716
556
557
394
397
234
234
70
70
-93
-94
-254
-258
-417
-420
-577
-581
-736
-738
-892
-895
-1045
-1049
-1195
-1199
-1340
-1345
-1480
-1487
-1618
-1624
-1749
-1755
-1871
-1880
-1994
-1999
-2105
-2112
-2210
-2218
-2309
-2316
-2399
-2405
-2481
-2489
-2554
-2563
-2620
-2629
-2677
-2686
-2725
-2734
-2765
-2774
-2794
-2802
-2815
-2824
-2826
-2835
-2829
-2837
-2822
-2830
-2805
-2811
-2778
-2786
-2743
-2751
-2699
-2707
-2646
-2653
-2583
-2591
-2514
-2520
-2434
-2441
-2346
-2352
-2252
-2258
-2150
-2156
-2041
-2046
-1925
-1927
-1802
-1805
-1673
-1676
-1539
-1541
-1399
-1403
-1256
-1258
-1106
-1108
-956
-956
-801
-802
-644
-643
-484
-482
-322
-321
-161
-159
3
5
166
168
327
331
488
493
648
654
807
811
963
965
1114
1119
1260
1266
1404
1411
1544
1550
1678
1685
1805
1813
1928
1937
2044
2053
2153
2163
2256
2264
2349
2358
2436
2446
2514
2525
2584
2594
2649
2656
2699
2710
2745
2754
2778
2788
2805
2815
2822
2831
2826
2838
2826
2836
2813
2824
2794
2804
2762
2773
2723
2732
2675
2683
2617
2627
2552
2560
2477
2485
2396
2403
2305
2312
2206
2213
2101
2106
1990
1994
1870
1874
1744
1747
1611
1616
1476
1480
1336
1336
1189
1192
1040
1041
885
887
728
730
571
571
410
411
250
247
86
84
-77
-78
-239
-243
-400
-406
-561
-566
-720
-725
-876
-882
-1030
-1035
-1180
-1186
-1326
-1333
-1468
-1476
-1605
-1612
-1736
-1744
-1863
-1869
-1982
-1989
-2094
-2102
-2199
-2208
-2301
-2308
-2391
-2400
-2473
-2483
-2550
-2558
-2615
-2625
-2673
-2682
-2724
-2732
-834
-838
-989
-993
-1140
-1145
-1285
-1293
-1430
-1437
-1567
-1575
-1700
-1707
-1827
-1835
-1948
-1956
-2064
-2072
-2171
-2180
-2271
-2281
-2366
-2375
-2450
-2460
-2527
-2537
-2596
-2605
-2657
-2666
-2709
-2718
-2750
-2761
-2784
-2794
-2809
-2817
-2823
-2833
-2829
-2838
-2825
-2834
-2812
-2821
-2789
-2797
-2758
-2765
-2715
-2725
-2666
-2673
-2607
-2614
-2539
-2546
-2464
-2471
-2380
-2386
-2286
-2294
-2187
-2195
-2080
-2086
-1966
-1972
-1847
-1850
-1721
-1724
-1588
-1591
-1450
-1453
-1308
-1311
-1162
-1164
-1011
-1013
-858
-858
-701
-701
-542
-541
-380
-380
-219
-216
-57
-53
107
109
269
273
431
434
590
596
750
753
907
910
1058
1064
1209
1214
1352
1358
1493
1501
1630
1636
1760
1768
1885
1893
2002
2011
2115
2124
2219
2229
2317
2326
2407
2415
2487
2498
2562
2572
2625
2635
2683
2691
2730
2739
2768
2779
2796
2807
2816
2828
2827
2837
2828
2838
2820
2830
2801
2812
2774
2785
2739
2750
2695
2703
2640
2649
2578
2586
2506
2513
2428
2434
2337
2346
2244
2249
2141
2146
2030
2036
1912
1919
1791
1794
1662
1665
1526
1529
1386
1389
1244
1245
1095
1095
941
943
787
788
629
629
469
469
309
307
146
144
-16
-20
-180
-184
-342
-346
-502
-507
-663
-667
-821
-825
-975
-980
-1127
-1132
-1274
-1280
-1417
-1424
-1556
-1563
-1690
-1697
-1816
-1825
-1940
-1947
-2055
-2062
-2163
-2171
-2264
-2272
-2359
-2368
-2444
-2453
-2522
-2531
-2593
-2601
-2653
-2662
-2705
-2714
-2748
-2756
-2783
-2791
-2808
-2816
-2822
-2831
-2829
-2838
-2826
-2835
-2814
-2822
-2790
-2800
-2761
-2768
-2720
-2728
-2670
-2678
-2612
-2619
-2547
-2553
-2471
-2478
-2387
-2393
-2296
-2302
-2197
-2204
-2091
-2096
-1978
-1983
-1859
-1862
-1733
-1736
-1601
-1604
-1463
-1466
-1322
-1324
-1175
-1177
-1025
-1026
-874
-871
-715
-715
-556
-556
-395
-394
-235
-233
-72
-69
91
95
254
258
416
420
576
581
737
740
891
897
1045
1050
1194
1199
1341
1346
1481
1487
1617
1625
1748
1756
1873
1881
1993
2001
2105
2114
2210
2219
2307
2318
2399
2407
2480
2491
2555
2565
2621
2629
2676
2686
2727
2735
2765
2774
2794
2804
2816
2825
2827
2837
2829
2838
2822
2829
2806
2812
2777
2786
2742
2751
2699
2708
2646
2653
2582
2590
2512
2520
2434
2441
2347
2353
2251
2257
2150
2155
2041
2046
1924
1928
1801
1805
1673
1677
1539
1542
1399
1402
1258
1258
1109
1109
956
957
801
800
644
644
485
484
324
321
162
159
-1
-3
-163
-167
-327
-331
-488
-492
-648
-652
-806
-811
-961
-966
-1112
-1118
-1260
-1266
-1404
-1411
-1544
-1550
-1677
-1684
-1805
-1813
-1928
-1937
-2045
-2052
-2154
-2162
-2256
-2265
-2350
-2358
-2436
-2445
-2516
-2525
-2587
-2595
-2649
-2658
-2700
-2710
-2745
-2754
-2780
-2790
-2807
-2815
-2822
-2831
-2830
-2839
-2827
-2836
-2815
-2824
-2794
-2803
-2764
-2773
-2725
-2733
-2676
-2683
-2620
-2626
-2553
-2560
-2478
-2486
-2396
-2402
-2306
-2311
-2207
-2212
-2101
-2106
-1990
-1993
-1869
-1873
-1744
-1747
-1612
-1615
-1476
-1479
-1335
-1337
-1189
-1190
-1041
-1040
-886
-886
-730
-730
-572
-570
-411
-410
-251
-247
-86
-85
75
79
238
242
401
404
560
566
721
724
877
881
1026
1036
1179
1186
1327
1333
1467
1475
1606
1613
1736
1744
1862
1870
1981
1991
2093
2103
2201
2210
2299
2309
2389
2400
2473
2483
2548
2559
2617
2626
2675
2684
2723
2733
2762
2772
2793
2804
2815
2826
2826
2837
2829
2839
2823
2833
2807
2817
2782
2791
2748
2757
2704
2713
2652
2660
2591
2599
2520
2528
2444
2450
2355
2362
2263
2269
2159
2167
2051
2057
1935
1940
1814
1818
1686
1689
1553
1556
1415
1415
1268
1273
1122
1124
969
972
817
818
660
660
500
499
338
337
177
174
14
11
-150
-152
-312
-315
-474
-477
-633
-638
-790
-795
-945
-950
-1097
-1103
-1247
-1252
-1391
-1396
-1529
-1536
-1663
-1671
-1791
-1800
-1916
-1924
-2032
-2040
-2142
-2152
-2246
-2254
-2341
-2350
-2429
-2437
-2509
-2517
-2579
-2589
-2642
-2651
-2695
-2705
-2741
-2750
-2776
-2785
-2804
-2813
-2821
-2830
-2829
-2840
-2827
-2837
-2817
-2826
-2797
-2807
-2767
-2777
-2728
-2737
-2681
-2690
-2625
-2632
-2560
-2567
-2487
-2493
-2404
-2411
-2315
-2321
-2217
-2222
-2111
-2118
-2000
-2006
-1880
-1886
-1757
-1760
-1625
-1630
-1490
-1492
-1349
-1350
-1204
-1205
-1055
-1055
-901
-901
-744
-744
-586
-586
-427
-425
-265
-263
-102
-100
62
64
224
227
387
389
547
550
705
711
864
866
1012
1021
1165
1171
1313
1318
1454
1461
1593
1600
1723
1731
1849
1858
1969
1978
2083
2092
2190
2198
2288
2297
2381
2391
2464
2474
2539
2551
2608
2619
2668
2677
2718
2726
2757
2768
2791
2801
2813
2822
2824
2835
2830
2838
2824
2833
2807
2818
2784
2793
2753
2760
2708
2716
2658
2664
2598
2604
2526
2535
2451
2457
2364
2370
2268
2277
2169
2175
2062
2067
1948
1950
1826
1830
1697
1701
1565
1567
1427
1430
1283
1285
1136
1138
985
986
832
832
673
673
513
513
353
352
191
189
28
26
-135
-138
-297
-301
-460
-463
-618
-623
-777
-782
-930
-938
-1084
-1090
-1232
-1240
-1376
-1384
-1518
-1524
-1653
-1660
-1782
-1789
-1906
-1913
-2022
-2030
-2133
-2141
-2236
-2244
-2332
-2340
-2421
-2429
-2501
-2511
-2572
-2582
-2635
-2646
-2691
-2700
-2737
-2747
-2774
-2783
-2800
-2810
-2819
-2829
-2827
-2837
-2827
-2837
-2818
-2827
-2798
-2807
-2770
-2778
-2732
-2741
-2685
-2694
-2630
-2639
-2565
-2574
-2493
-2500
-2413
-2418
-2324
-2328
-2226
-2232
-2123
-2127
-2011
-2015
-1891
-1897
-1769
-1772
-1638
-1642
-1502
-1506
-1361
-1364
-1217
-1219
-1067
-1069
-915
-916
-761
-760
-601
-601
-442
-440
-281
-279
-117
-116
46
48
208
211
370
372
531
535
691
695
848
852
999
1007
1151
1158
1299
1307
1442
1447
1578
1586
1712
1719
1838
1846
1959
1968
2073
2081
2181
2189
2281
2290
2374
2382
2457
2467
2534
2544
2603
2612
2661
2672
2713
2722
2755
2763
2787
2796
2810
2818
2825
2833
2829
2838
2824
2832
2809
2818
2787
2793
2754
2761
2713
2719
2661
2667
2601
2608
2532
2539
2455
2462
2372
2378
2279
2285
2179
2184
2073
2075
1957
1961
1836
1839
1709
1712
1576
1579
1440
1441
1296
1298
1149
1149
996
998
847
845
687
686
529
527
368
367
206
203
42
40
-120
-123
-281
-286
-445
-448
-604
-608
-761
-767
-917
-923
-1071
-1077
-1220
-1225
-1363
-1371
-1505
-1512
-1640
-1648
-1770
-1777
-1894
-1902
-2013
-2022
-2124
-2133
-2228
-2237
-2325
-2334
-2414
-2423
-2495
-2505
-2568
-2577
-2633
-2641
-2687
-2697
-2734
-2743
-2771
-2780
-2800
-2809
-2818
-2827
-2827
-2837
-2829
-2837
-2820
-2828
-2800
-2811
-2772
-2782
-2736
-2745
-2692
-2699
-2635
-2643
-2571
-2580
-2500
-2507
-2420
-2426
-2331
-2337
-2234
-2240
-2132
-2137
-2021
-2025
-1903
-1907
-1779
-1783
-1651
-1654
-1514
-1518
-1375
-1377
-1231
-1232
-1080
-1083
-928
-929
-775
-774
-616
-616
-457
-455
-294
-293
-134
-130
30
34
194
197
355
360
517
521
678
679
832
837
986
992
1137
1144
1286
1293
1428
1435
1566
1573
1699
1707
1827
1836
1949
1957
2064
2073
2173
2182
2273
2283
2364
2376
2453
2461
2531
2539
2596
2606
2658
2668
2709
2719
2751
2762
2784
2795
2808
2820
2826
2834
2831
2840
2825
2835
2812
2821
2790
2800
2756
2767
2716
2727
2667
2675
2607
2617
2539
2548
2463
2472
2379
2388
2287
2294
2187
2195
2082
2087
1967
1972
1846
1851
1720
1725
1590
1592
1452
1454
1310
1311
1164
1164
1013
1014
860
860
702
702
543
543
382
382
220
219
58
56
-104
-107
-268
-271
-429
-434
-590
-594
-747
-751
-904
-908
-1057
-1062
-1206
-1211
-1351
-1357
-1492
-1497
-1628
-1635
-1758
-1765
-1883
-1891
-2002
-2009
-2113
-2121
-2218
-2227
-2317
-2325
-2407
-2415
-2488
-2496
-2561
-2571
-2627
-2636
-2683
-2692
-2731
-2740
-2770
-2779
-2798
-2808
-2819
-2828
-2831
-2838
-2830
-2839
-2823
-2831
-2804
-2812
-2777
-2786
-2741
-2750
-2696
-2705
-2643
-2650
