1651 9 80004e20 0 2710 9
-2348
-2355
-2255
-2263
-2156
-2162
-2049
-2054
-1935
-1940
-1815
-1819
-1688
-1692
-1556
-1560
-1419
-1422
-1278
-1279
-1130
-1133
-981
-983
-829
-830
-672
-673
-514
-513
-354
-353
-193
-192
-31
-29
131
134
290
295
453
456
610
615
768
771
921
927
1072
1081
1221
1228
1363
1371
1505
1511
1638
1644
1767
1773
1889
1897
2006
2014
2117
2124
2218
2228
2314
2323
2403
2411
2480
2490
2552
2562
2617
2626
2673
2681
2716
2725
2753
2762
2780
2790
2798
2808
2807
2817
2805
2816
2797
2806
2776
2787
2749
2759
2714
2721
2667
2675
2610
2620
2547
2555
2475
2483
2394
2402
2306
2312
2210
2217
2107
2113
1998
2002
1880
1885
1756
1761
1628
1631
1492
1497
1354
1356
1210
1213
1060
1068
910
912
757
755
600
599
440
440
278
279
118
117
-42
-46
-205
-208
-366
-368
-524
-529
-683
-688
-840
-844
-993
-997
-1143
-1147
-1289
-1294
-1430
-1436
-1566
-1573
-1699
-1706
-1826
-1832
-1946
-1952
-2059
-2066
-2165
-2173
-2266
-2274
-2356
-2364
-2441
-2450
-2517
-2526
-2584
-2594
-2643
-2653
-2695
-2703
-2737
-2745
-2769
-2777
-2791
-2800
-2806
-2813
-2811
-2819
-2805
-2814
-2791
-2800
-2769
-2777
-2736
-2744
-2695
-2702
-2644
-2652
-2586
-2592
-2518
-2523
-2441
-2447
-2357
-2364
-2267
-2271
-2165
-2171
-2059
-2064
-1947
-1950
-1827
-1830
-1700
-1703
-1569
-1571
-1432
-1434
-1290
-1292
-1145
-1145
-995
-995
-843
-842
-686
-686
-529
-528
-371
-367
-207
-205
-48
-44
115
118
278
281
438
441
597
600
754
758
907
913
1058
1066
1207
1213
1352
1358
1492
1499
1627
1633
1755
1763
1877
1887
1996
2005
2107
2115
2210
2220
2305
2316
2395
2405
2475
2484
2547
2557
2612
2622
2667
2677
2714
2723
2751
2762
2778
2791
2799
2808
2809
2817
2809
2819
2800
2810
2783
2790
2756
2764
2717
2728
2671
2681
2618
2626
2555
2564
2483
2491
2403
2412
2316
2323
2220
2226
2118
2123
2008
2013
1892
1897
1770
1773
1641
1644
1506
1510
1367
1372
1223
1227
1074
1077
924
925
772
772
614
614
455
454
294
294
133
133
-28
-29
-191
-193
-352
-353
-512
-514
-669
-673
-825
-829
-978
-982
-1129
-1133
-1275
-1281
-1417
-1422
-1554
-1560
-1686
-1693
-1814
-1819
-1933
-1940
-2047
-2055
-2155
-2163
-2254
-2263
-2346
-2356
-2433
-2441
-2510
-2519
-2578
-2587
-2640
-2648
-2690
-2700
-2733
-2742
-2766
-2775
-2791
-2800
-2806
-2814
-2811
-2820
-2806
-2816
-2793
-2802
-2772
-2780
-2740
-2749
-2699
-2708
-2650
-2657
-2592
-2600
-2525
-2532
-2451
-2456
-2366
-2372
-2274
-2279
-2175
-2181
-2070
-2076
-1956
-1962
-1838
-1843
-1713
-1716
-1582
-1585
-1444
-1447
-1304
-1306
-1159
-1160
-1010
-1010
-855
-857
-701
-701
-545
-543
-384
-382
-223
-221
-61
-59
100
103
262
265
422
426
581
585
738
744
893
899
1049
1051
1193
1199
1339
1344
1479
1485
1613
1620
1741
1750
1865
1875
1984
1993
2095
2104
2199
2208
2296
2306
2386
2396
2468
2476
2539
2550
2605
2615
2661
2672
2708
2719
2749
2758
2776
2786
2796
2806
2809
2817
2809
2818
2799
2811
2782
2794
2756
2767
2723
2730
2678
2685
2622
2632
2562
2570
2490
2499
2411
2420
2326
2333
2231
2237
2129
2135
2019
2024
1904
1909
1783
1786
1653
1657
1521
1523
1382
1384
1239
1241
1092
1094
941
942
787
787
630
630
472
470
311
310
150
148
-12
-15
-174
-177
-334
-339
-495
-500
-654
-658
-808
-814
-964
-968
-1114
-1120
-1261
-1267
-1403
-1408
-1540
-1548
-1673
-1680
-1800
-1807
-1922
-1929
-2036
-2043
-2144
-2152
-2245
-2253
-2339
-2347
-2424
-2434
-2500
-2511
-2570
-2580
-2631
-2641
-2684
-2693
-2726
-2738
-2761
-2772
-2786
-2795
-2802
-2812
-2809
-2817
-2807
-2814
-2794
-2803
-2772
-2781
-2741
-2750
-2702
-2711
-2654
-2663
-2596
-2605
-2530
-2538
-2455
-2462
-2373
-2380
-2283
-2288
-2185
-2191
-2080
-2085
-1967
-1971
-1848
-1853
-1724
-1728
-1593
-1596
-1458
-1459
-1317
-1318
-1171
-1173
-1024
-1024
-870
-872
-716
-715
-557
-557
-398
-397
-236
-236
-75
-74
85
89
248
251
409
412
568
572
725
729
879
886
1033
1037
1181
1185
1325
1333
1466
1473
1600
1608
1732
1739
1855
1864
1973
1982
2084
2094
2191
2199
2287
2297
2376
2387
2460
2470
2532
2544
2599
2608
2655
2666
2704
2714
2743
2753
2772
2783
2793
2803
2804
2816
2808
2817
2802
2811
2784
2794
2759
2769
2722
2733
2680
2688
2628
2635
2567
2574
2496
2504
2418
2425
2333
2339
2239
2244
2137
2143
2028
2033
1915
1919
1794
1796
1664
1668
1532
1535
1394
1397
1252
1253
1105
1103
954
953
802
801
643
642
486
484
325
325
162
162
2
-1
-159
-163
-320
-324
-481
-486
-638
-644
-795
-802
-948
-956
-1101
-1107
-1249
-1254
-1389
-1396
-1528
-1536
-1663
-1670
-1790
-1798
-1911
-1920
-2027
-2036
-2136
-2144
-2237
-2246
-2332
-2339
-2418
-2427
-2496
-2506
-2566
-2576
-2628
-2638
-2680
-2691
-2723
-2734
-2759
-2769
-2786
-2795
-2802
-2813
-2807
-2819
-2807
-2817
-2797
-2805
-2776
-2785
-2745
-2753
-2707
-2716
-2659
-2668
-2601
-2610
-2538
-2545
-2464
-2471
-2381
-2388
-2291
-2298
-2195
-2200
-2089
-2095
-1978
-1984
-1860
-1865
-1737
-1741
-1607
-1609
-1471
-1473
-1331
-1333
-1186
-1188
-1038
-1038
-886
-885
-731
-731
-574
-573
-415
-412
-254
-252
-93
-90
70
74
232
235
391
397
552
557
709
716
865
870
1020
1025
1166
1174
1310
1318
1452
1461
1588
1596
1718
1727
1845
1853
1963
1972
2075
2085
2182
2192
2281
2290
2370
2381
2453
2463
2528
2538
2594
2604
2652
2661
2701
2711
2741
2751
2771
2782
2792
2803
2806
2816
2809
2818
2801
2812
2787
2797
2762
2773
2728
2738
2684
2694
2633
2642
2573
2581
2503
2511
2426
2433
2339
2347
2245
2254
2147
2153
2037
2046
1925
1930
1801
1807
1677
1680
1545
1548
1407
1409
1264
1266
1118
1120
972
970
814
815
659
658
499
500
341
339
180
177
17
15
-144
-147
-305
-308
-465
-470
-624
-629
-782
-785
-935
-941
-1087
-1091
-1232
-1240
-1377
-1384
-1516
-1523
-1651
-1657
-1778
-1785
-1901
-1908
-2017
-2025
-2125
-2134
-2228
-2237
-2323
-2332
-2411
-2419
-2489
-2498
-2560
-2569
-2623
-2632
-2677
-2686
-2722
-2731
-2757
-2766
-2784
-2794
-2803
-2811
-2810
-2819
-2809
-2818
-2799
-2807
-2778
-2787
-2751
-2757
-2713
-2719
-2664
-2672
-2608
-2615
-2543
-2552
-2470
-2478
-2390
-2396
-2300
-2306
-2203
-2209
-2100
-2105
-1989
-1994
-1869
-1875
-1748
-1751
-1617
-1621
-1482
-1485
-1344
-1346
-1199
-1202
-1050
-1051
-899
-900
-745
-744
-587
-586
-428
-427
-268
-266
-106
-105
55
59
218
220
379
382
539
543
697
701
852
856
1004
1008
1154
1158
1299
1305
1440
1447
1578
1583
1709
1716
1834
1840
1953
1961
2065
2075
2173
2181
2272
2280
2362
2372
2446
2457
2521
2531
2589
2599
2648
2658
2699
2707
2738
2748
2771
2780
2794
2802
2807
2817
2811
2820
2805
2815
2790
2799
2767
2774
2733
2741
2691
2700
2640
2648
2580
2589
2512
2520
2436
2442
2352
2357
2257
2264
2158
2164
2050
2057
1937
1942
1816
1820
1690
1693
1558
1561
1420
1424
1277
1281
1133
1133
987
983
828
831
674
674
517
516
356
355
195
194
34
31
-129
-132
-291
-293
-450
-454
-608
-613
-766
-770
-922
-925
-1072
-1077
-1219
-1225
-1362
-1370
-1503
-1509
-1635
-1643
-1765
-1773
-1888
-1896
-2005
-2013
-2114
-2122
-2217
-2226
-2313
-2322
-2401
-2409
-2480
-2491
-2553
-2562
-2617
-2625
-2672
-2680
-2717
-2726
-2754
-2763
-2781
-2791
-2799
-2808
-2809
-2817
-2808
-2818
-2799
-2809
-2781
-2789
-2753
-2762
-2715
-2724
-2668
-2676
-2615
-2622
-2551
-2558
-2478
-2485
-2398
-2405
-2309
-2316
-2214
-2220
-2110
-2116
-2001
-2005
-1884
-1888
-1761
-1764
-1631
-1635
-1498
-1499
-1359
-1359
-1213
-1216
-1066
-1066
-912
-915
-760
-759
-603
-601
-443
-442
-284
-282
-120
-119
41
44
201
205
363
367
523
527
681
685
836
840
990
995
1141
1146
1286
1291
-2810
-2819
-2805
-2814
-2791
-2800
-2769
-2777
-2736
-2744
-2694
-2702
-2644
-2652
-2586
-2592
-2519
-2525
-2443
-2450
-2358
-2366
-2267
-2272
-2167
-2173
-2062
-2067
-1948
-1952
-1828
-1831
-1701
-1705
-1569
-1573
-1434
-1435
-1291
-1293
-1147
-1148
-997
-997
-842
-843
-688
-689
-530
-529
-369
-369
-208
-207
-48
-45
114
118
276
280
437
441
594
600
752
757
906
912
1055
1063
1206
1212
1350
1357
1490
1498
1623
1633
1753
1761
1878
1884
1996
2002
2106
2112
2209
2218
2305
2314
2393
2402
2472
2484
2545
2556
2609
2620
2664
2674
2711
2721
2750
2760
2778
2787
2797
2807
2807
2816
2808
2817
2799
2808
2780
2790
2754
2763
2717
2726
2673
2679
2618
2625
2553
2562
2484
2490
2403
2410
2317
2322
2222
2226
2118
2122
2008
2013
1892
1897
1769
1774
1641
1644
1509
1509
1368
1371
1223
1227
1075
1077
926
927
772
773
616
614
457
455
296
295
134
132
-27
-30
-189
-191
-350
-354
-509
-513
-668
-672
-824
-828
-977
-982
-1127
-1132
-1273
-1280
-1415
-1421
-1553
-1560
-1684
-1693
-1810
-1819
-1931
-1940
-2047
-2055
-2155
-2162
-2254
-2262
-2348
-2356
-2432
-2441
-2509
-2518
-2577
-2586
-2638
-2647
-2688
-2698
-2730
-2741
-2763
-2774
-2790
-2798
-2804
-2812
-2807
-2818
-2806
-2815
-2792
-2801
-2770
-2779
-2738
-2747
-2698
-2707
-2648
-2657
-2589
-2598
-2523
-2531
-2448
-2455
-2366
-2371
-2273
-2280
-2175
-2180
-2069
-2074
-1957
-1961
-1838
-1842
-1713
-1716
-1581
-1584
-1445
-1447
-1303
-1306
-1160
-1160
-1010
-1010
-857
-857
-703
-702
-544
-544
-384
-384
-223
-222
-61
-59
101
104
261
266
422
426
581
585
739
744
896
898
1045
1051
1196
1200
1338
1344
1478
1485
1613
1621
1743
1752
1866
1876
1985
1994
2095
2104
2201
2210
2296
2307
2386
2395
2467
2476
2543
2551
2605
2616
2663
2672
2710
2719
2747
2758
2776
2787
2797
2806
2809
2818
2810
2819
2800
2811
2784
2792
2757
2767
2722
2730
2677
2686
2624
2633
2562
2570
2490
2499
2413
2419
2324
2332
2230
2237
2128
2135
2018
2025
1903
1908
1780
1785
1653
1657
1520
1523
1381
1383
1238
1240
1091
1093
940
942
786
786
629
630
471
471
310
310
150
148
-12
-14
-173
-176
-334
-339
-494
-498
-653
-658
-808
-814
-963
-967
-1114
-1120
-1261
-1266
-1404
-1409
-1541
-1546
-1674
-1681
-1800
-1808
-1922
-1929
-2037
-2044
-2144
-2152
-2245
-2254
-2339
-2348
-2425
-2435
-2502
-2513
-2572
-2582
-2634
-2643
-2685
-2695
-2730
-2739
-2762
-2773
-2788
-2797
-2804
-2814
-2811
-2819
-2808
-2816
-2795
-2804
-2775
-2782
-2743
-2752
-2704
-2712
-2654
-2663
-2598
-2605
-2531
-2538
-2457
-2464
-2374
-2381
-2285
-2290
-2187
-2191
-2082
-2086
-1969
-1973
-1850
-1853
-1725
-1729
-1596
-1598
-1458
-1461
-1317
-1321
-1172
-1175
-1023
-1024
-871
-872
-717
-717
-559
-559
-399
-400
-238
-238
-76
-76
86
87
246
248
406
410
567
570
724
729
880
883
1030
1035
1179
1184
1325
1331
1465
1471
1600
1607
1730
1738
1854
1861
1974
1981
2086
2094
2189
2199
2287
2297
2379
2387
2459
2469
2535
2544
2600
2609
2656
2666
2705
2715
2744
2754
2773
2783
2796
2805
2807
2817
2809
2818
2801
2812
2785
2796
2761
2770
2725
2734
2681
2691
2629
2637
2567
2575
2498
2505
2420
2427
2333
2340
2240
2247
2137
2144
2030
2034
1916
1919
1794
1798
1666
1669
1532
1536
1396
1398
1251
1254
1103
1106
955
954
801
801
646
643
486
485
324
324
165
162
3
0
-158
-162
-319
-324
-479
-484
-638
-644
-795
-801
-949
-954
-1099
-1105
-1246
-1252
-1389
-1395
-1528
-1534
-1660
-1667
-1787
-1795
-1910
-1919
-2025
-2033
-2134
-2143
-2235
-2245
-2330
-2340
-2416
-2427
-2495
-2504
-2565
-2575
-2628
-2637
-2680
-2688
-2725
-2734
-2760
-2770
-2785
-2794
-2802
-2811
-2811
-2820
-2808
-2818
-2798
-2806
-2776
-2786
-2746
-2755
-2709
-2716
-2660
-2668
-2604
-2611
-2537
-2545
-2463
-2471
-2382
-2389
-2291
-2299
-2196
-2202
-2091
-2096
-1979
-1985
-1861
-1866
-1738
-1741
-1608
-1610
-1471
-1474
-1331
-1335
-1187
-1189
-1037
-1040
-886
-886
-732
-731
-574
-573
-415
-413
-254
-253
-92
-91
69
71
231
234
393
395
552
555
710
713
864
869
1018
1022
1166
1171
1310
1317
1453
1458
1589
1595
1719
1726
1845
1852
1963
1971
2074
2084
2181
2190
2278
2288
2369
2378
2452
2462
2525
2537
2593
2603
2651
2662
2701
2710
2739
2750
2772
2782
2792
2802
2807
2815
2808
2818
2802
2813
2787
2797
2763
2771
2729
2738
2686
2695
2634
2642
2574
2581
2504
2511
2426
2434
2341
2347
2247
2254
2148
2154
2039
2045
1926
1931
1805
1810
1679
1681
1545
1549
1409
1410
1266
1267
1118
1121
970
969
814
815
661
659
501
501
341
339
180
177
19
15
-145
-147
-305
-308
-465
-468
-624
-629
-780
-785
-934
-940
-1086
-1092
-1232
-1239
-1377
-1382
-1514
-1521
-1648
-1655
-1778
-1784
-1899
-1908
-2015
-2024
-2126
-2133
-2227
-2236
-2320
-2330
-2409
-2418
-2488
-2497
-2559
-2568
-2620
-2631
-2676
-2684
-2720
-2730
-2756
-2765
-2782
-2791
-2801
-2809
-2809
-2817
-2806
-2816
-2795
-2806
-2776
-2785
-2748
-2756
-2709
-2718
-2664
-2670
-2607
-2614
-2543
-2549
-2470
-2477
-2390
-2395
-2299
-2306
-2203
-2210
-2099
-2104
-1988
-1992
-1872
-1874
-1748
-1752
-1618
-1622
-1482
-1486
-1343
-1346
-1200
-1201
-1051
-1052
-900
-900
-743
-744
-587
-587
-428
-428
-268
-266
-106
-105
57
58
217
220
376
381
538
541
696
700
853
856
1005
1009
1155
1159
1299
1304
1439
1447
1577
1585
1708
1716
1832
1841
1953
1961
2066
2075
2173
2180
2271
2280
2361
2372
2445
2455
2521
2530
2588
2599
2647
2657
2698
2706
2738
2748
2770
2780
2791
2801
2803
2815
2809
2819
2804
2813
2790
2799
2765
2774
2732
2741
2690
2699
2638
2647
2580
2587
2512
2519
2434
2440
2349
2356
2257
2264
2156
2164
2051
2055
1935
1941
1815
1821
1690
1694
1557
1560
1422
1424
1279
1282
1135
1134
985
984
831
830
674
676
518
516
357
355
195
194
33
32
-128
-131
-289
-292
-450
-453
-608
-613
-766
-771
-920
-924
-1073
-1077
-1220
-1225
-1363
-1369
-1503
-1508
-1636
-1644
-1766
-1773
-1890
-1895
-2004
-2012
-2116
-2124
-2218
-2226
-2314
-2322
-2402
-2410
-2481
-2491
-2554
-2562
-2617
-2625
-2672
-2680
-2717
-2725
-2754
-2762
-2781
-2790
-2800
-2809
-2808
-2818
-2807
-2817
-2799
-2807
-2780
-2789
-2751
-2761
-2714
-2722
-2668
-2676
-2613
-2621
-2550
-2556
-2478
-2485
-2399
-2403
-2310
-2315
-2213
-2219
-2111
-2115
-2000
-2003
-1882
-1885
-1760
-1763
-1631
-1634
-1497
-1498
-1356
-1358
-1213
-1214
-1065
-1067
-913
-915
-759
-759
-603
-602
-444
-443
-283
-281
-123
-119
39
42
202
206
362
367
522
527
681
685
836
841
992
995
1141
1146
1284
1290
1426
1434
1564
1571
1696
1703
1821
1830
1943
1951
2053
2064
2162
2171
2263
2272
2354
2363
2438
2449
2516
2524
2584
2594
2640
2652
2693
2703
2736
2745
2767
2778
2790
2799
2805
2815
2810
2820
2805
2814
2791
2802
2768
2778
2737
2745
2694
2704
2645
2653
2586
2595
2521
2526
2443
2450
2358
2366
2265
2274
2167
2174
2061
2066
1947
1953
1829
1833
1702
1705
1570
1574
1433
1437
1293
1294
1148
1148
996
998
844
845
688
688
531
531
371
370
209
209
49
45
-115
-116
-276
-277
-436
-439
-594
-599
-752
-756
-905
-910
-1057
-1063
-1205
-1212
-1348
-1356
-1490
-1496
-1625
-1630
-1753
-1760
-1877
-1883
-1994
-2002
-2104
-2113
-2207
-2216
-2305
-2313
-2393
-2402
-2473
-2483
-2546
-2555
-2609
-2620
-2666
-2675
-2712
-2722
-2750
-2760
-2779
-2788
-2797
-2807
-2808
-2817
-2808
-2818
-2801
-2809
-2782
-2790
-2755
-2763
-2719
-2726
-2675
-2681
-2621
-2627
-2556
-2563
-2485
-2492
-2406
-2412
-2318
-2324
-2224
-2228
-2120
-2125
-2011
-2015
-1896
-1899
-1771
-1776
-1643
-1647
-1509
-1511
-1370
-1372
-1227
-1228
-1080
-1080
-929
-928
-775
-774
-618
-616
-459
-458
-299
-297
-138
-135
25
27
187
191
347
352
506
511
667
671
823
828
976
981
1125
1131
1271
1277
1415
1420
1551
1557
1683
1690
1811
1819
1930
1938
2046
2052
2152
2160
2252
2261
2345
2354
2431
2439
2507
2517
2576
2585
2636
2645
2687
2698
2731
2740
2762
2773
2787
2798
2804
2814
2809
2819
2805
2814
2792
2802
2771
2780
2740
2748
2700
2707
2650
2657
2592
2599
2526
2533
2450
2456
2368
2374
2275
2283
2177
2183
2071
2077
1958
1964
1838
1844
1713
1719
1583
1588
1446
1450
1305
1306
1161
1161
1011
1014
860
858
704
704
546
544
386
386
226
223
64
61
-98
-101
-259
-263
-422
-424
-580
-583
-737
-741
-892
-897
-1044
-1050
-1193
-1198
-1337
-1343
-1478
-1484
-1612
-1619
-1741
-1750
-1866
-1874
-1984
-1992
-2095
-2103
-2199
-2208
-2296
-2305
-2386
-2395
-2466
-2476
-2539
-2548
-2605
-2615
-2661
-2670
-2709
-2717
-2748
-2756
-2777
-2787
-2796
-2807
-2806
-2816
-2810
-2818
-2801
-2809
-2784
-2792
-2758
-2765
-2723
-2731
-2679
-2686
-2624
-2632
-2563
-2570
-2493
-2499
-2413
-2420
-2326
-2333
-2233
-2237
-2130
-2135
-2022
-2025
-1906
-1909
-1784
-1787
-1656
-1658
-1522
-1524
-1383
-1386
-1241
-1242
-1093
-1095
-943
-943
-789
-789
-632
-631
-474
-471
-314
-312
-153
-150
9
12
171
175
332
336
492
496
651
656
807
811
961
966
1109
1116
1257
1263
1400
1407
1538
1545
1672
1679
1799
1806
1919
1927
2033
2044
2141
2152
2243
2252
2336
2346
2423
2432
2500
2512
2570
2579
2631
2640
2682
2694
2727
2737
2761
2771
2785
2795
2802
2812
2808
2818
2805
2814
2793
2803
2774
2781
2742
2749
2703
2710
2654
2662
2597
2604
2531
2538
2457
2464
2374
2381
2284
2290
2186
2191
2081
2085
1969
1973
1851
1854
1726
1728
1594
1598
1460
1461
1320
1321
1175
1174
1025
1025
872
874
718
717
562
560
402
399
240
239
79
77
-82
-86
-244
-248
-406
-409
-566
-569
-724
-727
-877
-884
-1029
-1036
-1179
-1185
-1323
-1330
-1464
-1471
-1598
-1607
-1728
-1737
-1855
-1862
-1972
-1981
-2084
-2093
-2189
-2198
-2288
-2296
-2377
-2388
-2458
-2469
-2534
-2543
-2601
-2609
-2657
-2666
-2705
-2714
-2744
-2753
-2776
-2783
-2796
-2805
-2808
-2816
-2810
-2818
-2803
-2811
-2786
-2795
-2761
-2769
-2727
-2734
-2683
-2690
-2630
-2636
-2568
-2576
-2498
-2505
-2421
-2427
-2335
-2340
-2240
-2247
-2140
-2145
-2031
-2035
-1916
-1920
-1794
-1798
-1668
-1671
-1534
-1537
-1398
-1398
-1254
-1255
-1107
-1108
-956
-956
-804
-803
-647
-646
-488
-487
-329
-326
-167
-164
-5
-3
156
159
316
321
477
482
637
641
791
798
946
952
1097
1103
1245
1252
1387
1394
1525
1533
1659
1667
1785
1795
1907
1917
2024
2033
2133
2142
2235
2244
2329
2337
2416
2426
2495
2505
2564
2575
2627
2636
2679
2689
2723
2735
2759
2770
2785
2796
2803
2811
2808
2819
2808
2817
2796
2806
2777
2786
2747
2755
2706
2716
2660
2668
2603
2610
2539
2546
2465
2472
2382
2390
2294
2299
2195
2201
2091
2097
1979
1985
1860
1866
1737
1741
1607
1610
1472
1475
1332
1334
1187
1189
1037
1041
886
887
732
731
574
575
415
415
254
253
93
92
-68
-70
-229
-233
-391
-395
-549
-554
-707
-713
-863
-869
-1015
-1021
-1164
-1170
-1310
-1317
-1452
-1459
-1587
-1594
-1717
-1725
-1843
-1851
-1962
-1970
-2074
-2083
-2180
-2188
-2279
-2287
-2368
-2378
-2452
-2462
-2528
-2537
-2594
-2604
-2651
-2662
-2700
-2711
-2740
-2752
-2773
-2782
-2793
-2803
-2807
-2816
-2812
-2820
-2804
-2814
-2787
-2797
-2764
-2774
-2730
-2739
-2687
-2696
-2635
-2644
-2574
-2583
-2505
-2514
-2429
-2436
-2344
-2350
-2251
-2256
-2150
-2154
-2041
-2047
-1928
-1932
-1806
-1811
-1678
-1683
-1546
-1549
-1409
-1412
-1265
-1269
-1122
-1122
-970
-972
-817
-818
-660
-661
-501
-503
-342
-342
-181
-181
-19
-19
142
144
304
306
464
466
622
626
778
783
933
938
1083
1088
1231
1235
1374
1381
1512
1520
1646
1654
1775
1782
1897
1905
2015
2021
2124
2131
2226
2233
2323
2328
2408
2416
2488
2496
2558
2567
2620
2629
2675
2682
2720
2728
2756
2765
2782
2792
2799
2810
2806
2817
2808
2817
2796
2807
2777
2787
2748
2757
2710
2720
2665
2672
2608
2616
2546
2552
2473
2479
2390
2397
2301
2308
2204
2211
2101
2106
1989
1995
1874
1877
1748
1753
1619
1623
1484
1488
1346
1348
1201
1202
1050
1051
897
902
746
746
590
589
431
429
270
268
108
106
-54
-56
-215
-219
-377
-380
-536
-540
-695
-698
-850
-854
-1001
-1007
-1152
-1156
-1296
-1304
-1439
-1445
-1576
-1582
-1706
-1714
-1831
-1840
-1951
-1960
-2064
-2072
-2172
-2179
-2271
-2279
-2362
-2371
-2445
-2454
-2521
-2529
-2588
-2598
-2646
-2655
-2697
-2707
-2738
-2747
-2770
-2779
-2792
-2802
-2806
-2815
-2811
-2819
-2804
-2814
-2791
-2799
-2766
-2775
-2734
-2741
-2692
-2700
-2641
-2649
-2582
-2588
-2513
-2520
-2437
-2444
-2353
-2359
-2260
-2266
-2160
-2165
-2053
-2058
-1938
-1943
-1818
-1823
-1692
-1697
-1561
-1563
-1423
-1426
-1282
-1283
-1136
-1137
-985
-986
-832
-832
-677
-678
-520
-519
-359
-358
-197
-196
-36
-34
126
129
287
290
448
452
606
611
763
769
917
923
1067
1073
1216
1222
1360
1367
1500
1507
1633
1641
1760
1770
1886
1893
2002
2010
2112
2121
2216
2225
2311
2320
2399
2409
2479
2488
2550
2558
2612
2623
2668
2679
2715
2724
2751
2762
2780
2789
2798
2807
2807
2817
2805
2816
2797
2806
2779
2788
2751
2759
2714
2722
2668
2675
2613
2621
2548
2557
2476
2484
2396
2403
2307
2314
2212
2219
2110
2115
1999
2004
1884
1887
1760
1764
1632
1635
1498
1501
1358
1359
1215
1215
1065
1065
914
915
762
760
603
603
445
444
283
283
123
120
-39
-42
-200
-204
-362
-365
-522
-525
-680
-684
-834
-839
-987
-994
-1138
-1144
-1284
-1291
-1426
-1432
-1563
-1570
-1694
-1701
-1821
-1829
-1941
-1949
-2056
-2064
-2162
-2170
-2261
-2270
-2353
-2363
-2438
-2447
-2514
-2524
-2582
-2591
-2641
-2651
-2693
-2701
-2734
-2744
-2766
-2776
-2791
-2800
-2806
-2814
-2809
-2818
-2805
-2814
-2791
-2799
-2768
-2776
-2736
-2745
-2695
-2703
-2646
-2653
-2587
-2593
-2520
-2525
-2443
-2450
-2360
-2365
-2267
-2273
-2168
-2173
-2061
-2066
-1948
-1953
-1829
-1833
-1703
-1707
-1572
-1575
-1435
-1438
-1293
-1295
-1149
-1150
-999
-1000
-845
-845
-691
-690
-533
-532
-372
-372
-213
-210
-51
-49
112
114
274
277
433
438
592
596
749
754
903
909
1056
1062
1202
1210
1349
1354
1488
1495
1621
1630
1752
1759
1877
1883
1993
2002
2103
2111
2207
2216
2304
2313
2392
2402
2474
2483
2546
2556
2609
2620
2665
2675
2713
2723
2750
2760
2778
2788
2799
2808
2809
2818
2809
2818
2801
2810
2781
2791
2755
2763
2720
2726
2673
2682
2619
2626
2557
2564
2484
2492
2406
2412
2319
2325
2225
2229
2120
2126
2010
2016
1895
1899
1772
1777
1643
1647
1510
1513
1370
1373
1228
1231
1079
1083
926
931
775
777
618
619
460
460
301
300
138
138
-23
-25
-183
-187
-346
-348
-505
-510
-663
-668
-819
-824
-975
-977
-1122
-1129
-1270
-1276
-1412
-1417
-1551
-1557
-1682
-1690
-1809
-1817
-1930
-1938
-2043
-2052
-2151
-2161
-2252
-2260
-2345
-2354
-2430
-2439
-2507
-2516
-2576
-2586
-2638
-2646
-2688
-2697
-2731
-2740
-2765
-2773
-2787
-2799
-2804
-2812
-2810
-2819
-2807
-2816
-2794
-2803
-2773
-2780
-2741
-2749
-2701
-2709
-2651
-2659
-2593
-2601
-2526
-2534
-2451
-2459
-2369
-2375
-2277
-2283
-2178
-2184
-2074
-2078
-1960
-1964
-1841
-1846
-1715
-1720
-1584
-1587
-1448
-1452
-1307
-1311
-1161
-1165
-1012
-1013
-860
-861
-704
-705
-547
-548
-389
-387
-227
-225
-67
-63
95
99
258
261
418
422
577
582
734
740
887
895
1040
1047
1189
1195
1335
1341
1473
1482
1610
1618
1739
1748
1862
1872
1979
1989
2093
2102
2198
2206
2294
2303
2383
2393
2464
2476
2539
2549
2604
2614
2660
2670
2708
2718
2746
2756
2776
2785
2796
2805
2807
2817
2808
2818
2800
2811
2784
2793
2759
2767
2720
2730
2677
2687
2625
2633
2563
2570
2491
2500
2414
2421
2327
2333
2231
2238
2129
2137
2021
2027
1907
1911
1784
1787
1656
1658
1523
1526
1384
1386
1242
1242
1092
1095
940
944
789
790
633
632
475
473
315
312
153
150
-9
-12
-172
-174
-331
-335
-493
-496
-650
-655
-807
-811
-961
-966
-1112
-1117
-1259
-1263
-1400
-1406
-1538
-1545
-1670
-1678
-1798
-1805
-1920
-1927
-2035
-2043
-2142
-2150
-2243
-2252
-2337
-2345
-2424
-2432
-2500
-2510
-2572
-2580
-2631
-2641
-2684
-2693
-2727
-2737
-2760
-2772
-2788
-2797
-2804
-2812
-2810
-2819
-2808
-2817
-2797
-2805
-2773
-2783
-2744
-2753
-2705
-2714
-2656
-2665
-2600
-2608
-2534
-2542
-2460
-2467
-2377
-2384
-2287
-2293
-2189
-2195
-2083
-2089
-1971
-1977
-1853
-1858
-1728
-1732
-1599
-1601
-1463
-1466
-1322
-1324
-1177
-1178
-1027
-1028
-876
-877
-720
-721
-562
-561
-402
-403
-243
-242
-82
-79
81
83
243
245
402
406
563
566
719
725
873
879
1026
1033
1176
1184
1321
1328
1462
1468
1598
1605
1727
1734
1851
1860
1970
1978
2083
2090
2186
2196
2285
2293
2376
2383
2457
2467
2531
2540
2597
2606
2654
2663
2703
2712
2741
2752
2773
2781
2794
2803
2805
2815
2808
2817
2801
2810
2786
2794
2760
2769
2726
2733
2680
2691
2630
2636
2570
2575
2500
2505
2421
2428
2338
2342
2242
2248
2140
2147
2033
2037
1916
1922
1797
1800
1669
1672
1536
1538
1397
1400
1254
1256
1107
1111
958
959
804
804
648
648
489
488
330
328
170
167
8
4
-153
-158
-316
-320
-476
-481
-634
-640
-791
-798
-945
-950
-1096
-1102
-1243
-1250
-1385
-1393
-1523
-1531
-1658
-1666
-1785
-1793
-1907
-1915
-2023
-2031
-2131
-2140
-2232
-2243
-2328
-2337
-2415
-2423
-2493
-2501
-2564
-2572
-2626
-2636
-2679
-2688
-2723
-2732
-2758
-2767
-2785
-2793
-2800
-2809
-2808
-2817
-2808
-2815
-2796
-2804
-2775
-2783
-2746
-2754
-2708
-2714
-2660
-2668
-2604
-2610
-2539
-2545
-2466
-2472
-2383
-2388
-2295
-2299
-2197
-2202
-2093
-2098
-1983
-1985
-1863
-1867
-1740
-1743
-1610
-1612
-1475
-1478
-1334
-1337
-1189
-1190
-1042
-1041
-891
-891
-735
-734
-578
-577
-418
-416
-258
-256
-95
-93
67
69
227
231
388
392
549
553
707
712
861
867
1014
1019
1163
1169
1309
1315
1451
1457
1585
1592
1717
1725
1841
1850
1960
1969
2072
2082
2177
2188
2277
2287
2370
2378
2452
2461
2526
2536
2595
2603
2652
2661
2700
2710
2740
2750
2772
2781
2794
2803
2805
2815
2809
2816
2800
2811
2789
2796
2763
2771
2727
2738
2684
2695
2633
2642
2574
2582
2504
2512
2427
2435
2341
2350
2248
2256
2147
2154
2040
2046
1928
1930
1807
1810
1679
1684
1547
1550
1409
1411
1268
1270
1122
1121
970
971
818
818
661
661
504
503
343
342
183
181
21
19
-142
-144
-303
-306
-462
-466
-621
-625
-778
-783
-932
-938
-1084
-1089
-1230
-1237
-1374
-1381
-1513
-1519
-1646
-1653
-1775
-1783
-1897
-1905
-2013
-2022
-2122
-2132
-2226
-2235
-2321
-2330
-2407
-2417
-2487
-2496
-2559
-2567
-2621
-2631
-2675
-2684
-2720
-2730
-2756
-2766
-2783
-2792
-2799
-2811
-2808
-2819
-2808
-2816
-2797
-2806
-2779
-2787
-2749
-2758
-2712
-2720
-2665
-2673
-2609
-2617
-2545
-2553
-2472
-2480
-2392
-2397
-2303
-2308
-2206
-2212
-2103
-2108
-1991
-1996
-1874
-1878
-1751
-1755
-1622
-1624
-1486
-1489
-1347
-1349
-1202
-1205
-1055
-1056
-903
-905
-748
-748
-590
-590
-432
-432
-272
-270
-110
-109
51
54
212
216
374
378
534
538
691
696
846
852
999
1006
1146
1154
1295
1302
1436
1444
1572
1582
1705
1712
1828
1839
1950
1960
2064
2072
2170
2179
2267
2279
2361
2371
2445
2455
2520
2530
2587
2598
2647
2657
2698
2707
2737
2748
2770
2780
2791
2803
2806
2816
2809
2819
2804
2816
2790
2800
2767
2777
2733
2744
2694
2702
2642
2650
2582
2589
2515
2522
2438
2445
2354
2359
2261
2267
2160
2167
2052
2059
1939
1944
1819
1823
1693
1698
1562
1564
1424
1427
1282
1285
1135
1138
983
988
833
833
678
677
519
518
360
358
199
196
37
35
-126
-128
-286
-289
-445
-450
-604
-610
-762
-768
-917
-921
-1067
-1073
-1216
-1222
-1359
-1365
-1500
-1505
-1634
-1641
-1763
-1769
-1885
-1893
-2001
-2009
-2113
-2120
-2215
-2224
-2311
-2319
-2400
-2408
-2479
-2488
-2552
-2561
-2615
-2623
-2669
-2679
-2716
-2725
-2753
-2762
-2782
-2790
-2801
-2809
-2810
-2818
-2809
-2818
-2799
-2808
-2782
-2789
-2753
-2761
-2717
-2725
-2671
-2679
-2616
-2624
-2554
-2559
-2482
-2487
-2401
-2407
-2313
-2318
-2216
-2222
-2114
-2118
-2004
-2007
-1886
-1890
-1763
-1768
-1635
-1638
-1500
-1504
-1361
-1362
-1217
-1219
-1069
-1071
-918
-919
-763
-764
-606
-606
-449
-447
-286
-286
-125
-124
37
38
198
200
360
363
518
522
676
681
832
837
985
990
1135
1140
1280
1286
1424
1429
1562
1567
1692
1700
1817
1824
1937
1947
2053
2060
2157
2168
2258
2268
2351
2361
2434
2446
2512
2522
2580
2591
2640
2649
2691
2700
2733
2743
2765
2776
2788
2799
2804
2813
2809
2819
2804
2814
2790
2801
2768
2777
2736
2744
2695
2704
2648
2654
2587
2595
2519
2527
2446
2450
2359
2367
2270
2275
2170
2176
2063
2068
1950
1956
1831
1836
1705
1708
1574
1576
1436
1440
1296
1298
1151
1151
998
1001
848
850
692
692
534
534
374
374
214
212
52
49
-110
-114
-271
-275
-432
-436
-592
-596
-749
-753
-904
-908
-1056
-1061
-1202
-1209
-1347
-1353
-1486
-1494
-1621
-1629
-1752
-1757
-1874
-1882
-1992
-1999
-2104
-2111
-2207
-2215
-2302
-2310
-2393
-2400
-2473
-2482
-2546
-2554
-2609
-2619
-2665
-2674
-2712
-2721
-2748
-2759
-2778
-2787
-2797
-2806
-2808
-2816
-2810
-2818
-2799
-2808
-2783
-2793
-2756
-2765
-2720
-2728
-2675
-2683
-2621
-2629
-2560
-2567
-2487
-2494
-2408
-2414
-2321
-2326
-2226
-2231
-2124
-2129
-2014
-2018
-1898
-1902
-1776
-1779
-1647
-1650
-1514
-1516
-1374
-1377
-1231
-1232
-1086
-1085
-935
-933
-780
-778
-622
-621
-464
-463
-303
-300
-143
-139
20
22
181
184
344
347
503
507
661
665
817
822
969
976
1118
1126
1266
1274
1410
1417
1549
1554
1680
1687
1805
1814
1926
1935
2041
2050
2148
2157
2249
2259
2341
2353
2427
2437
2506
2514
2573
2584
2633
2643
2687
2696
2729
2738
2763
2772
2787
2796
2803
2811
2808
2816
2805
2813
2791
2801
2769
2780
2739
2748
2699
2707
2650
2658
2591
2599
2526
2533
2450
2458
2367
2375
2278
2284
2178
2185
2072
2078
1960
1965
1841
1845
1715
1720
1584
1588
1449
1453
1309
1311
1164
1163
1012
1014
861
862
705
706
547
548
388
388
226
226
67
63
-95
-98
-256
-259
-417
-421
-577
-581
-734
-739
-890
-894
-1042
-1047
-1191
-1196
-1335
-1340
-1474
-1482
-1609
-1617
-1740
-1747
-1863
-1872
-1982
-1990
-2093
-2102
-2196
-2206
-2294
-2303
-2383
-2393
-2466
-2474
-2540
-2548
-2605
-2614
-2661
-2670
-2709
-2718
-2748
-2757
-2778
-2786
-2796
-2806
-2807
-2817
-2810
-2818
-2802
-2811
-2787
-2793
-2759
-2768
-2723
-2732
-2679
-2686
-2626
-2633
-2564
-2571
-2494
-2501
-2414
-2422
-2328
-2334
-2234
-2240
-2131
-2137
-2024
-2028
-1908
-1912
-1786
-1791
-1658
-1662
-1524
-1527
-1387
-1389
-1245
-1246
-1097
-1098
-945
-946
-792
-792
-636
-635
-478
-476
-317
-316
-156
-154
6
8
167
171
328
332
489
492
649
651
804
808
958
962
1110
1116
1253
1261
1398
1404
1535
1543
1669
1676
1796
1804
1916
1925
2033
2040
2141
2150
2242
2251
2335
2345
2423
2430
2500
2509
2572
2578
2631
2639
2683
2693
2727
2736
2759
2771
2787
2795
2802
2812
2810
2818
2805
2815
2795
2804
2775
2782
2744
2752
2703
2711
2654
2664
2598
2607
2533
2540
2458
2464
2376
2382
2286
2292
2189
2194
2084
2089
1970
1975
1852
1857
1727
1731
1597
1601
1462
1464
1320
1322
1177
1179
1027
1031
877
877
719
720
565
562
405
402
243
241
82
79
-80
-83
-241
-244
-402
-405
-562
-565
-718
-724
-874
-879
-1026
-1032
-1174
-1181
-1321
-1326
-1461
-1467
-1597
-1603
-1727
-1734
-1852
-1859
-1971
-1978
-2082
-2090
-2188
-2196
-2287
-2294
-2377
-2385
-2459
-2467
-2533
-2541
-2600
-2609
-2657
-2665
-2705
-2715
-2744
-2753
-2774
-2784
-2795
-2805
-2807
-2817
-2810
-2820
-2805
-2813
-2788
-2797
-2762
-2770
-2727
-2736
-2685
-2692
-2633
-2639
-2572
-2578
-2502
-2508
-2424
-2430
-2337
-2344
-2244
-2250
-2144
-2148
-2034
-2039
-1920
-1923
-1799
-1801
-1670
-1673
-1538
-1540
-1400
-1402
-1257
-1259
-1110
-1112
-959
-960
-806
-806
-650
-649
-491
-491
-332
-329
-171
-168
-9
-5
152
156
315
318
474
479
633
637
788
795
944
949
1096
1100
1242
1248
1384
1391
1521
1530
1657
1664
1784
1793
1906
1914
2020
2031
2128
2141
2232
2243
2326
2336
2414
2424
2493
2502
2563
2572
2625
2636
2679
2689
2723
2733
2760
2769
2785
2794
2802
2811
2809
2821
2807
2817
2796
2807
2778
2787
2747
2757
2710
2717
2661
2670
2605
2615
2540
2548
2467
2474
2386
2392
2296
2304
2200
2205
2095
2100
1985
1989
1864
1870
1740
1745
1612
1616
1476
1480
1337
1338
1193
1193
1043
1043
890
892
735
736
578
578
419
420
258
257
97
94
-65
-67
-228
-228
-386
-391
-547
-551
-705
-708
-859
-864
-1014
-1018
-1162
-1167
-1307
-1313
-1448
-1454
-1584
-1591
-1714
-1722
-1840
-1847
-1960
-1967
-2072
-2079
-2178
-2185
-2277
-2284
-2367
-2376
-2451
-2458
-2525
-2533
-2591
-2601
-2651
-2659
-2699
-2708
-2740
-2749
-2772
-2779
-2793
-2801
-2806
-2814
-2810
-2817
-2804
-2811
-2789
-2797
-2764
-2772
-2731
-2739
-2689
-2696
-2636
-2644
-2578
-2584
-2508
-2515
-2432
-2437
-2346
-2352
-2253
-2259
-2152
-2157
-2043
-2050
-1931
-1935
-1810
-1814
-1684
-1687
-1552
-1554
-1414
-1415
-1271
-1273
-1125
-1126
-974
-976
-822
-822
-665
-666
-506
-506
-347
-345
-186
-186
-24
-22
137
139
298
301
460
462
619
622
774
779
929
932
1079
1085
1224
1233
1370
1376
1509
1516
1643
1650
1771
1779
1893
1902
2009
2018
2118
2128
2222
2231
2317
2325
2405
2414
2485
2493
2555
2564
2619
2627
2674
2682
2718
2726
2754
2763
2782
2790
2798
2808
2806
2816
2808
2815
2798
2806
2777
2785
2749
2756
2710
2720
2665
2673
2608
2616
2546
2552
2472
2479
2391
2398
2303
2308
2206
2212
2103
2108
1992
1997
1873
1880
1751
1755
1623
1625
1488
1490
1347
1349
1204
1205
1055
1058
905
904
750
748
593
591
433
432
272
270
112
108
-51
-53
-213
-216
-373
-377
-531
-537
-691
-695
-847
-851
-999
-1005
-1149
-1155
-1295
-1300
-1436
-1443
-1572
-1579
-1704
-1711
-1829
-1838
-1949
-1958
-2062
-2071
-2168
-2178
-2268
-2277
-2360
-2369
-2445
-2452
-2519
-2529
-2586
-2596
-2646
-2655
-2694
-2705
-2737
-2747
-2769
-2777
-2790
-2801
-2805
-2815
-2810
-2819
-2804
-2813
-2790
-2799
-2767
-2775
-2734
-2742
-2692
-2700
-2640
-2648
-2582
-2590
-2514
-2521
-2438
-2444
-2352
-2359
-2261
-2267
-2161
-2167
-2054
-2060
-1941
-1945
-1820
-1823
-1693
-1698
-1562
-1565
-1426
-1428
-1283
-1286
-1138
-1138
-989
-989
-836
-836
-679
-679
-522
-520
-363
-361
-200
-199
-39
-35
123
128
284
288
444
449
605
608
761
765
915
921
1070
1073
1214
1220
1359
1365
1499
1506
1630
1640
1761
1769
1884
1892
2000
2009
2113
2120
2214
2223
2312
2319
2399
2408
2478
2489
2550
2559
2615
2624
2671
2678
2715
2725
2753
2761
2781
2789
2798
2807
2809
2816
2808
2816
2799
2807
2780
2789
2754
2761
2717
2724
2671
2678
2615
2623
2552
2560
2479
2487
2399
2406
2311
2318
2217
2222
2113
2120
2003
2009
1886
1890
1765
1768
1635
1638
1500
1503
1362
1364
1217
1219
1070
1071
917
919
764
765
607
607
448
448
287
287
127
125
-35
-37
-195
-200
-357
-361
-516
-521
-674
-680
-831
-836
-984
-990
-1133
-1140
-1281
-1287
-1422
-1429
-1558
-1567
-1690
-1699
-1817
-1826
-1937
-1947
-2052
-2060
-2159
-2168
-2259
-2268
-2352
-2361
-2435
-2446
-2513
-2523
-2582
-2590
-2641
-2650
-2690
-2702
-2732
-2743
-2766
-2775
-2790
-2800
-2805
-2814
-2810
-2819
-2805
-2815
-2790
-2801
-2769
-2777
-2737
-2745
-2696
-2704
-2646
-2655
-2587
-2595
-2519
-2527
-2444
-2452
-2361
-2368
-2270
-2275
-2170
-2176
-2063
-2069
-1951
-1955
-1830
-1835
-1704
-1709
-1573
-1577
-1437
-1441
-1296
-1298
-1152
-1151
-1001
-1003
-848
-849
-694
-692
-536
-534
-374
-374
-213
-212
-53
-50
109
112
270
273
432
434
591
593
747
751
901
906
1052
1060
1200
1209
1346
1352
1486
1491
1619
1626
1748
1757
1874
1881
1992
1999
2100
2110
2205
2214
2303
2311
2391
2401
2472
2481
2546
2554
2610
2619
2665
2675
2711
2721
2751
2760
2779
2789
2799
2808
2810
2817
2811
2819
2802
2811
2784
2794
2758
2767
2720
2730
2676
2684
2622
2630
2561
2568
2489
2496
2409
2415
2323
2328
2228
2233
2126
2130
2014
2019
1898
1902
1776
1780
1649
1651
1515
1517
1375
1378
1234
1233
1083
1087
931
935
781
779
624
621
466
463
304
303
143
139
-19
-22
-181
-185
-341
-346
-502
-506
-662
-665
-816
-822
-970
-975
-1120
-1126
-1267
-1273
-1409
-1415
-1545
-1553
-1678
-1686
-1806
-1814
-1927
-1935
-2040
-2049
-2148
-2157
-2249
-2257
-2342
-2351
-2429
-2438
-2505
-2515
-2573
-2584
-2634
-2644
-2686
-2696
-2730
-2740
-2763
-2773
-2787
-2798
-2805
-2814
-2810
-2820
-2806
-2816
-2795
-2803
-2772
-2782
-2741
-2750
-2702
-2710
-2652
-2660
-2595
-2602
-2529
-2536
-2454
-2461
-2371
-2377
-2278
-2284
-2180
-2187
-2075
-2081
-1963
-1968
-1843
-1848
-1719
-1723
-1588
-1592
-1452
-1455
-1310
-1314
-1166
-1167
-1017
-1018
-863
-865
-708
-708
-551
-551
-392
-390
-230
-229
-69
-67
93
95
254
257
416
418
574
577
732
736
887
891
1036
1043
1186
1192
1332
1337
1470
1479
1607
1614
1738
1744
1862
1868
1980
1986
2091
2097
2195
2204
2292
2301
2383
2390
2464
2472
2538
2546
2603
2611
2660
2668
2707
2714
2745
2754
2775
2784
2794
2804
2806
2816
2808
2818
2800
2810
2784
2793
2758
2767
2722
2731
2678
2687
2627
2633
2566
2572
2493
2502
2414
2421
2328
2334
2235
2241
2133
2137
2023
2029
1908
1913
1787
1790
1660
1662
1527
1528
1388
1390
1243
1247
1096
1099
944
947
793
793
638
636
478
478
319
316
157
155
-6
-8
-167
-169
-328
-332
-489
-492
-646
-651
-803
-808
-957
-961
-1107
-1113
-1254
-1261
-1397
-1404
-1534
-1542
-1666
-1674
-1794
-1803
-1916
-1924
-2032
-2040
-2139
-2149
-2240
-2248
-2335
-2344
-2421
-2429
-2498
-2508
-2568
-2578
-2628
-2639
-2683
-2692
-2726
-2735
-2759
-2769
-2786
-2795
-2800
-2812
-2808
-2818
-2805
-2815
-2793
-2804
-2774
-2783
-2742
-2752
-2704
-2713
-2656
-2663
-2598
-2607
-2533
-2541
-2460
-2466
-2377
-2383
-2287
-2293
-2189
-2196
-2086
-2090
-1972
-1976
-1856
-1859
-1730
-1735
-1600
-1603
-1463
-1468
-1323
-1326
-1179
-1181
-1031
-1031
-877
-878
-722
-723
-566
-565
-406
-404
-244
-243
-84
-82
78
83
241
244
400
405
560
564
719
723
873
878
1021
1031
1174
1180
1321
1326
1459
1465
1596
1602
1725
1733
1850
1858
1969
1978
2081
2089
2187
2196
2286
2294
2374
2384
2457
2466
2532
2541
2597
2607
2654
2663
2704
2712
2742
2753
2773
2783
2793
2805
2806
2816
2808
2818
2803
2811
2786
2795
2761
2771
2727
2735
2682
2692
2632
2640
2570
2578
2501
2507
2424
2429
2336
2343
2243
2250
2142
2148
2033
2039
1919
1925
1798
1802
1671
1675
1539
1542
1401
1403
1258
1260
1111
1113
961
962
806
807
651
651
492
492
333
332
173
171
10
8
-152
-154
-314
-316
-473
-476
-632
-635
-788
-793
-943
-947
-1094
-1098
-1240
-1246
-1383
-1389
-1523
-1528
-1655
-1663
-1782
-1790
-1906
-1913
-2021
-2029
-2130
-2138
-2232
-2240
-2327
-2335
-2413
-2422
-2492
-2501
-2563
-2572
-2625
-2635
-2679
-2687
-2722
-2731
-2758
-2768
-2784
-2793
-2800
-2810
-2809
-2818
-2808
-2817
-2795
-2805
-2774
-2785
-2748
-2755
-2708
-2716
-2660
-2669
-2605
-2612
-2539
-2548
-2465
-2473
-2385
-2390
-2296
-2301
-2199
-2203
-2093
-2099
-1983
-1987
-1866
-1869
-1741
-1744
-1612
-1614
-1477
-1478
-1338
-1338
-1192
-1192
-1042
-1044
-891
-892
-736
-737
-579
-579
-420
-419
-260
-259
-98
-96
64
67
225
229
386
390
545
550
704
707
859
863
1010
1016
1161
1167
1306
1313
1447
1453
1584
1590
1715
1722
1841
1849
1958
1966
2072
2080
2177
2186
2276
2285
2367
2378
2449
2460
2525
2534
2592
2601
2651
2660
2700
2710
2740
2751
2771
2782
2795
2803
2806
2816
2809
2820
2803
2814
2790
2799
2764
2773
2730
2740
2689
2698
2636
2646
2579
2585
2509
2516
2431
2438
2346
2353
2253
2259
2153
2159
2045
2050
1932
1934
1810
1814
1683
1687
1551
1554
1413
1417
1272
1273
1125
1125
975
975
822
822
666
666
509
507
348
347
187
186
26
22
-135
-139
-297
-302
-458
-462
-616
-621
-773
-778
-927
-933
-1078
-1084
-1227
-1231
-1370
-1376
-1509
-1517
-1644
-1651
-1772
-1779
-1894
-1902
-2010
-2018
-2120
-2128
-2222
-2231
-2318
-2327
-2405
-2414
-2484
-2494
-2555
-2566
-2619
-2629
-2674
-2684
-2719
-2728
-2756
-2764
-2782
-2793
-2800
-2810
-2809
-2819
-2808
-2818
-2800
-2808
-2780
-2788
-2752
-2760
-2713
-2722
-2667
-2675
-2612
-2619
-2547
-2555
-2476
-2482
-2395
-2401
-2306
-2312
-2210
-2215
-2106
-2111
-1996
-2000
-1878
-1882
-1754
-1758
-1624
-1628
-1490
-1493
-1350
-1353
-1206
-1208
-1058
-1059
-906
-908
-752
-753
-595
-595
-435
-437
-277
-275
-113
-113
49
49
209
212
369
373
530
534
688
691
843
847
996
1001
1147
1152
1292
1297
1434
1439
1568
1577
1700
1708
1828
1835
1947
1954
2059
2068
2167
2176
2267
2275
2358
2367
2442
2451
2518
2527
2586
2595
2645
2654
2694
2704
2736
2745
2769
2778
2791
2802
2807
2814
2809
2818
2805
2814
2791
2799
2767
2775
2734
2742
2693
2701
2642
2650
2582
2591
2513
2523
2439
2446
2354
2360
2262
2267
2163
2169
2055
2060
1940
1947
1822
1826
1696
1700
1212
1219
1358
1363
1496
1503
1632
1637
1761
1767
1883
1891
2001
2009
2111
2117
2213
2222
2311
2318
2399
2405
2477
2486
2551
2559
2613
2622
2667
2677
2714
2723
2753
2759
2781
2789
2799
2807
2807
2816
2808
2816
2799
2806
2780
2788
2752
2761
2716
2724
2671
2677
2615
2622
2552
2559
2481
2487
2401
2405
2313
2317
2218
2221
2113
2118
2004
2009
1886
1891
1766
1768
1637
1639
1502
1504
1364
1364
1220
1220
1069
1073
919
920
767
764
608
607
450
448
289
287
129
125
-33
-38
-194
-200
-356
-361
-515
-522
-675
-680
-831
-836
-983
-990
-1135
-1140
-1280
-1287
-1422
-1429
-1560
-1565
-1692
-1699
-1817
-1825
-1937
-1946
-2052
-2061
-2158
-2167
-2258
-2268
-2351
-2361
-2436
-2445
-2512
-2522
-2579
-2590
-2639
-2650
-2690
-2702
-2732
-2743
-2765
-2775
-2789
-2799
-2804
-2814
-2809
-2818
-2804
-2814
-2791
-2800
-2769
-2777
-2737
-2746
-2695
-2705
-2646
-2655
-2588
-2596
-2520
-2529
-2445
-2452
-2361
-2369
-2270
-2276
-2170
-2178
-2065
-2072
-1950
-1956
-1833
-1837
-1707
-1711
-1574
-1578
-1439
-1442
-1296
-1300
-1152
-1154
-1002
-1004
-850
-851
-694
-695
-535
-536
-375
-376
-215
-214
-54
-53
107
110
269
272
430
433
589
592
748
750
900
905
1052
1056
1202
1205
1344
1351
1485
1491
1620
1625
1750
1756
1873
1879
1991
1998
2102
2108
2206
2213
2304
2310
2389
2399
2472
2481
2543
2554
2608
2618
2663
2673
2711
2720
2749
2759
2777
2787
2798
2806
2808
2817
2810
2818
2800
2810
2783
2792
2757
2764
2720
2727
2674
2683
2623
2628
2559
2566
2487
2494
2408
2414
2321
2326
2227
2231
2124
2130
2013
2019
1897
1903
1777
1779
1646
1651
1515
1517
1377
1377
1230
1233
1085
1084
933
934
779
780
624
622
464
463
306
303
143
141
-18
-23
-180
-184
-342
-345
-502
-506
-660
-665
-816
-821
-970
-974
-1120
-1126
-1266
-1273
-1408
-1416
-1545
-1554
-1678
-1686
-1805
-1814
-1927
-1936
-2041
-2050
-2149
-2157
-2249
-2258
-2342
-2352
-2429
-2438
-2506
-2515
-2575
-2584
-2635
-2645
-2686
-2697
-2731
-2739
-2764
-2773
-2787
-2798
-2804
-2813
-2809
-2819
-2806
-2816
-2794
-2803
-2772
-2781
-2740
-2750
-2700
-2709
-2651
-2659
-2593
-2601
-2528
-2534
-2453
-2460
-2371
-2376
-2278
-2284
-2181
-2186
-2074
-2079
-1962
-1966
-1843
-1847
-1719
-1723
-1588
-1591
-1450
-1454
-1311
-1313
-1166
-1166
-1017
-1017
-864
-864
-709
-709
-551
-551
-391
-391
-230
-229
-69
-67
91
95
253
256
413
417
574
577
730
736
887
890
1036
1044
1187
1193
1332
1337
1472
1479
1607
1613
1734
1743
1863
1869
1979
1986
2091
2099
2195
2203
2294
2302
2382
2392
2463
2473
2537
2548
2601
2612
2660
2668
2707
2717
2746
2755
2776
2786
2797
2806
2808
2816
2810
2818
2802
2811
2784
2793
2760
2768
2725
2733
2680
2688
2626
2634
2565
2572
2492
2501
2416
2422
2329
2335
2235
2241
2134
2139
2023
2029
1910
1913
1788
1791
1661
1663
1527
1529
1388
1389
1245
1246
1097
1100
948
949
792
792
638
636
479
477
318
316
158
154
-4
-7
-166
-169
-327
-332
-489
-492
-646
-650
-802
-807
-955
-962
-1106
-1112
-1252
-1260
-1395
-1403
-1534
-1542
-1665
-1674
-1794
-1802
-1915
-1924
-2031
-2040
-2138
-2148
-2241
-2250
-2334
-2344
-2420
-2430
-2498
-2509
-2569
-2579
-2630
-2641
-2683
-2693
-2726
-2736
-2761
-2771
-2787
-2798
-2802
-2814
-2809
-2820
-2808
-2818
-2796
-2806
-2775
-2783
-2745
-2754
-2706
-2715
-2657
-2666
-2600
-2608
-2535
-2543
-2460
-2468
-2378
-2386
-2289
-2296
-2190
-2197
-2086
-2092
-1974
-1979
-1857
-1861
-1732
-1736
-1601
-1605
-1465
-1469
-1324
-1328
-1180
-1183
-1032
-1033
-880
-881
-725
-725
-566
-566
-407
-406
-246
-245
-85
-82
77
81
239
240
399
402
560
563
716
721
874
875
1024
1029
1174
1178
1317
1324
1456
1463
1593
1600
1724
1731
1849
1855
1969
1975
2079
2087
2185
2193
2283
2290
2373
2382
2456
2464
2530
2539
2596
2603
2654
2662
2703
2712
2741
2750
2771
2781
2794
2802
2806
2814
2809
2816
2802
2810
2786
2795
2761
2769
2726
2734
2685
2691
2633
2640
2570
2578
2501
2509
2423
2430
2338
2344
2245
2249
2143
2148
2036
2040
1920
1925
1799
1802
1673
1674
1538
1541
1402
1402
1258
1261
1111
1113
963
962
807
809
652
651
493
492
334
332
173
170
12
8
-152
-155
-312
-316
-471
-476
-631
-636
-788
-792
-942
-947
-1092
-1099
-1239
-1246
-1383
-1391
-1521
-1528
-1654
-1662
-1782
-1791
-1904
-1913
-2020
-2028
-2129
-2137
-2231
-2240
-2326
-2335
-2412
-2422
-2490
-2500
-2562
-2572
-2624
-2633
-2677
-2686
-2722
-2732
-2758
-2767
-2783
-2792
-2801
-2810
-2808
-2819
-2808
-2815
-2797
-2804
-2777
-2785
-2747
-2755
-2708
-2717
-2661
-2669
-2605
-2613
-2541
-2548
-2467
-2474
-2385
-2392
-2297
-2303
-2200
-2205
-2095
-2101
-1985
-1990
-1866
-1871
-1741
-1747
-1612
-1618
-1478
-1481
-1337
-1340
-1194
-1195
-1045
-1045
-893
-894
-737
-738
-581
-580
-423
-422
-261
-260
-98
-97
62
65
223
226
383
387
545
548
701
706
858
862
1011
1017
1161
1166
1304
1311
1446
1452
1581
1589
1713
1720
1837
1846
1957
1965
2070
2079
2176
2185
2275
2284
2366
2376
2450
2457
2523
2533
2589
2599
2651
2658
2698
2708
2738
2747
2770
2779
2792
2801
2805
2813
2808
2817
2803
2811
2786
2796
2763
2773
2730
2739
2687
2696
2636
2643
2578
2583
2509
2514
2430
2437
2346
2352
2252
2258
2151
2158
2045
2050
1931
1935
1809
1815
1685
1686
1550
1554
1414
1416
1273
1273
1126
1128
981
976
824
822
666
667
508
507
349
347
188
186
26
24
-135
-138
-297
-301
-456
-461
-616
-621
-773
-779
-928
-933
-1078
-1085
-1227
-1233
-1371
-1377
-1509
-1516
-1643
-1650
-1772
-1779
-1895
-1902
-2010
-2019
-2121
-2128
-2223
-2232
-2318
-2328
-2404
-2413
-2485
-2494
-2556
-2566
-2619
-2629
-2673
-2683
-2719
-2730
-2755
-2764
-2782
-2791
-2800
-2810
-2808
-2818
-2808
-2818
-2797
-2806
-2778
-2787
-2750
-2759
-2712
-2722
-2666
-2673
-2611
-2618
-2546
-2555
-2474
-2482
-2393
-2400
-2305
-2310
-2208
-2214
-2104
-2111
-1993
-2000
-1878
-1881
-1753
-1757
-1625
-1628
-1489
-1493
-1349
-1353
-1207
-1208
-1060
-1060
-908
-908
-752
-752
-595
-595
-437
-435
-275
-275
-113
-113
49
49
210
212
370
374
529
534
687
692
844
848
1001
1001
1147
1151
1289
1296
1434
1439
1572
1578
1702
1709
1828
1834
1948
1956
2060
2069
2168
2176
2267
2276
2359
2368
2444
2452
2521
2527
2588
2595
2647
2655
2696
2705
2738
2747
2770
2779
2793
2801
2808
2815
2811
2820
2805
2815
2791
2800
2767
2777
2737
2743
2694
2702
2643
2650
2584
2591
2516
2523
2440
2446
2356
2361
2262
2268
2162
2170
2057
2061
1942
1947
1822
1826
1696
1699
1565
1567
1428
1429
1286
1288
1142
1141
991
991
838
837
681
682
524
523
365
363
204
202
41
38
-121
-123
-281
-285
-442
-445
-600
-606
-758
-763
-911
-917
-1063
-1070
-1212
-1217
-1356
-1362
-1495
-1502
-1629
-1637
-1758
-1768
-1882
-1891
-1998
-2007
-2109
-2118
-2213
-2221
-2309
-2318
-2397
-2407
-2480
-2488
-2550
-2560
-2613
-2623
-2669
-2678
-2715
-2724
-2752
-2761
-2780
-2790
-2799
-2808
-2808
-2818
-2808
-2817
-2800
-2809
-2782
-2791
-2754
-2762
-2716
-2727
-2672
-2680
-2618
-2625
-2552
-2562
-2482
-2489
-2403
-2409
-2314
-2320
-2217
-2225
-2114
-2121
-2005
-2010
-1888
-1892
-1764
-1769
-1636
-1640
-1501
-1505
-1363
-1366
-1219
-1221
-1072
-1074
-920
-921
-764
-766
-609
-610
-451
-450
-290
-289
-129
-127
33
36
194
198
355
359
515
519
673
677
829
834
982
988
1132
1138
1279
1285
1422
1426
1557
1564
1691
1696
1816
1823
1937
1944
2049
2058
2156
2165
2258
2265
2351
2358
2434
2443
2512
2519
2580
2588
2639
2648
2691
2699
2732
2742
2765
2775
2789
2797
2804
2811
2811
2818
2807
2814
2793
2801
2769
2777
2739
2747
2698
2704
2647
2655
2590
2597
2522
2529
2447
2452
2363
2368
2272
2277
2173
2178
2066
2070
1954
1957
1834
1837
1709
1710
1577
1579
1440
1442
1301
1299
1152
1154
1003
1004
851
851
697
695
538
536
378
377
216
216
56
54
-105
-110
-268
-272
-427
-432
-587
-592
-744
-749
-897
-905
-1050
-1056
-1199
-1205
-1343
-1351
-1484
-1490
-1617
-1626
-1748
-1757
-1873
-1880
-1989
-1997
-2098
-2109
-2203
-2213
-2300
-2310
-2389
-2399
-2471
-2480
-2543
-2552
-2607
-2617
-2664
-2673
-2712
-2721
-2749
-2759
-2779
-2788
-2796
-2808
-2807
-2818
-2808
-2820
-2801
-2811
-2784
-2793
-2758
-2766
-2721
-2730
-2676
-2685
-2623
-2632
-2559
-2567
-2490
-2496
-2411
-2417
-2322
-2329
-2228
-2234
-2126
-2132
-2017
-2022
-1900
-1905
-1778
-1783
-1650
-1654
-1516
-1520
-1376
-1380
-1233
-1237
-1086
-1089
-936
-937
-782
-783
-626
-626
-468
-467
-306
-305
-146
-144
17
18
178
182
339
342
500
502
657
662
815
819
966
972
1117
1124
1264
1269
1406
1414
1544
1552
1676
1684
1804
1812
1925
1932
2039
2048
2148
2155
2250
2256
2341
2349
2427
2434
2503
2512
2574
2582
2633
2641
2685
2693
2728
2737
2762
2772
2786
2796
2801
2811
2808
2817
2804
2813
2793
2800
2771
2779
2741
2748
2699
2706
2651
2659
2594
2601
2527
2534
2454
2459
2369
2375
2280
2285
2181
2186
2076
2080
1964
1967
1845
1847
1719
1722
1587
1591
1453
1456
1312
1313
1166
1167
1017
1019
866
866
711
709
554
551
394
391
233
230
71
68
-91
-95
-252
-256
-413
-417
-573
-577
-728
-735
-885
-890
-1038
-1043
-1187
-1191
-1330
-1337
-1469
-1477
-1606
-1613
-1736
-1743
-1860
-1868
-1977
-1986
-2089
-2098
-2193
-2203
-2291
-2300
-2381
-2391
-2464
-2472
-2538
-2546
-2602
-2612
-2658
-2668
-2706
-2716
-2746
-2754
-2774
-2784
-2795
-2804
-2806
-2815
-2808
-2818
-2800
-2811
-2784
-2794
-2758
-2767
-2723
-2731
-2678
-2688
-2626
-2634
-2564
-2572
-2495
-2503
-2417
-2423
-2330
-2336
-2235
-2242
-2133
-2140
-2026
-2030
-1910
-1915
-1788
-1793
-1661
-1664
-1528
-1531
-1389
-1392
-1248
-1249
-1099
-1100
-949
-950
-798
-797
-640
-640
-481
-480
-319
-319
-159
-158
2
4
166
166
326
329
486
490
644
648
801
805
954
960
1105
1110
1254
1258
1394
1402
1533
1540
1665
1673
1796
1801
1915
1923
2030
2038
2138
2146
2238
2247
2334
2343
2420
2429
2498
2507
2569
2577
2629
2638
2684
2690
2726
2735
2760
2769
2786
2794
2803
2811
2809
2818
2806
2816
2796
2805
2775
2782
2744
2752
2705
2713
2657
2665
2600
2607
2536
2542
2461
2466
2379
2384
2289
2294
2191
2196
2088
2090
1973
1979
1857
1859
1732
1734
1602
1604
1466
1467
1325
1326
1181
1181
1033
1032
880
881
724
724
568
567
409
406
247
245
86
84
-75
-79
-236
-241
-398
-403
-557
-562
-714
-720
-870
-877
-1023
-1030
-1172
-1178
-1316
-1323
-1458
-1464
-1593
-1601
-1723
-1731
-1848
-1856
-1967
-1976
-2081
-2088
-2184
-2192
-2284
-2292
-2375
-2383
-2455
-2466
-2530
-2540
-2597
-2607
-2655
-2665
-2703
-2713
-2743
-2753
-2774
-2782
-2795
-2804
-2807
-2816
-2811
-2820
-2804
-2813
-2787
-2796
-2763
-2771
-2727
-2738
-2685
-2693
-2633
-2641
-2572
-2579
-2502
-2510
-2425
-2433
-2338
-2347
-2246
-2252
-2145
-2150
-2036
-2041
-1922
-1927
-1799
-1805
-1672
-1677
-1541
-1544
-1403
-1406
-1262
-1263
-1114
-1115
-964
-964
-810
-811
-654
-654
-496
-495
-335
-335
-175
-173
-12
-10
150
151
310
313
472
473
630
633
785
790
941
945
1092
1096
1239
1243
1379
1385
1518
1525
1654
1660
1782
1789
1903
1910
2019
2026
2130
2137
2228
2239
2324
2333
2413
2421
2491
2499
2562
2569
2624
2633
2678
2686
2722
2730
2757
2766
2785
2793
2803
2812
2809
2818
2807
2816
2797
2806
2777
2786
2748
2757
2708
2717
2663
2671
2607
2615
2541
2549
2470
2475
2386
2393
2299
2304
2199
2206
2096
2101
1987
1990
1868
1871
1745
1748
1615
1617
1479
1481
1338
1340
1196
1197
1047
1050
896
893
740
739
582
581
422
422
263
261
102
98
-62
-64
-224
-226
-384
-387
-542
-546
-700
-705
-859
-861
-1010
-1014
-1159
-1165
-1303
-1309
-1445
-1451
-1581
-1588
-1714
-1719
-1838
-1845
-1956
-1964
-2069
-2078
-2176
-2184
-2275
-2283
-2366
-2374
-2448
-2458
-2524
-2534
-2591
-2601
-2649
-2659
-2699
-2708
-2739
-2750
-2770
-2780
-2793
-2802
-2807
-2816
-2811
-2820
-2806
-2814
-2790
-2798
-2764
-2775
-2732
-2742
-2689
-2698
-2638
-2647
-2579
-2588
-2509
-2517
-2433
-2440
-2348
-2357
-2256
-2262
-2156
-2161
-2048
-2052
-1935
-1939
-1814
-1819
-1686
-1690
-1554
-1558
-1416
-1420
-1275
-1277
-1130
-1130
-978
-980
-825
-827
-668
-669
-510
-511
-350
-350
-190
-188
-28
-26
134
137
294
297
455
459
614
619
771
775
928
930
1081
1082
1224
1230
1367
1373
1507
1513
1640
1647
1769
1776
1893
1899
2008
2016
2120
2125
2219
2229
2316
2324
2404
2412
2483
2492
2555
2564
2617
2626
2673
2680
2718
2727
2755
2763
2782
2790
2798
2809
2808
2817
2807
2817
2797
2807
2778
2788
2751
2759
2714
2721
2668
2676
2611
2620
2548
2555
2474
2481
2395
2401
2306
2312
2210
2215
2106
2112
1995
2000
1880
1883
1756
1759
1625
1630
1493
1495
1352
1354
1211
1210
1060
1061
908
908
757
753
598
598
438
437
278
276
119
114
-44
-47
-207
-210
-367
-372
-527
-532
-686
-691
-843
-847
-994
-1000
-1144
-1151
-1289
-1296
-1431
-1439
-1567
-1575
-1699
-1707
-1825
-1833
-1943
-1953
-2058
-2067
-2166
-2174
-2264
-2274
-2356
-2365
-2439
-2449
-2516
-2527
-2584
-2594
-2641
-2652
-2694
-2703
-2735
-2744
-2765
-2777
-2789
-2801
-2802
-2814
-2807
-2818
-2803
-2813
-2789
-2798
-2766
-2776
-2734
-2743
-2692
-2702
-2643
-2651
-2583
-2590
-2514
-2522
-2440
-2447
-2354
-2363
-2263
-2269
-2164
-2169
-2057
-2063
-1943
-1948
-1823
-1827
-1698
-1700
-1566
-1569
-1430
-1431
-1287
-1288
-1140
-1144
-992
-993
-838
-839
-682
-683
-526
-525
-365
-364
-203
-203
-42
-41
120
122
281
284
442
445
599
604
759
762
911
918
1063
1068
1210
1217
1355
1362
1494
1501
1629
1636
1757
1766
1882
1889
1999
2007
2110
2116
2213
2220
2309
2317
2400
2406
2477
2486
2549
2558
2612
2623
2667
2677
2713
2724
2750
2762
2779
2789
2796
2808
2808
2817
2809
2818
2799
2808
2781
2790
2755
2762
2717
2725
2672
2679
2617
2624
2554
2560
2483
2489
2401
2408
2314
2320
2218
2225
2115
2120
2006
2010
1890
1894
1768
1770
1637
1642
1504
1506
1364
1366
1222
1222
1071
1074
918
924
770
768
610
611
452
452
292
291
132
129
-32
-34
-193
-197
-353
-357
-514
-517
-672
-676
-828
-832
-980
-986
-1131
-1137
-1279
-1283
-1419
-1426
-1557
-1563
-1689
-1696
-1815
-1824
-1936
-1943
-2050
-2058
-2159
-2165
-2257
-2265
-2348
-2359
-2434
-2444
-2510
-2521
-2580
-2589
-2639
-2649
-2690
-2700
-2732
-2741
-2765
-2775
-2790
-2799
-2805
-2814
-2810
-2819
-2806
-2814
-2792
-2801
-2770
-2779
-2738
-2746
-2697
-2705
-2647
-2656
-2588
-2597
-2521
-2529
-2446
-2453
-2363
-2369
-2271
-2278
-2173
-2178
-2065
-2071
-1953
-1958
-1834
-1839
-1709
-1711
-1577
-1581
-1440
-1444
-1299
-1302
-1155
-1157
-1005
-1007
-852
-852
-696
-698
-539
-539
-381
-379
-221
-217
-58
-55
104
106
266
268
425
429
585
589
743
747
896
901
1047
1054
1197
1204
1343
1348
1482
1487
1616
1624
1747
1754
1871
1878
1989
1997
2098
2107
2201
2211
2300
2309
2388
2397
2469
2479
2542
2553
2610
2617
2665
2673
2711
2721
2750
2759
2778
2787
2798
2807
2808
2818
2810
2820
2801
2809
2782
2792
2758
2766
2722
2731
2677
2685
2623
2631
2561
2569
2488
2496
2411
2417
2324
2330
2230
2235
2127
2132
2016
2021
1898
1906
1777
1783
1650
1654
1517
1519
1379
1381
1235
1236
1085
1089
936
938
781
783
625
626
467
467
307
306
147
143
-16
-19
-179
-181
-338
-343
-499
-503
-658
-662
-813
-817
-966
-972
-1117
-1122
-1263
-1270
-1405
-1412
-1543
-1550
-1675
-1683
-1802
-1811
-1923
-1931
-2039
-2046
-2146
-2155
-2247
-2256
-2340
-2349
-2427
-2435
-2505
-2513
-2573
-2583
-2634
-2643
-2687
-2695
-2730
-2739
-2763
-2771
-2789
-2798
-2804
-2813
-2809
-2819
-2807
-2816
-2795
-2804
-2772
-2781
-2743
-2751
-2703
-2711
-2652
-2662
-2596
-2604
-2529
-2536
-2456
-2461
-2373
-2379
-2281
-2287
-2183
-2189
-2078
-2083
-1966
-1970
-1846
-1851
-1722
-1725
-1592
-1593
-1455
-1458
-1314
-1317
-1169
-1172
-1020
-1022
-868
-869
-712
-712
-554
-554
-394
-394
-234
-232
-74
-70
