1651 9 80008000 0 1f4 9
-1339
-1343
-1254
-1257
-1163
-1167
-1071
-1073
-975
-977
-874
-877
-772
-773
-666
-668
-558
-559
-449
-450
-337
-339
-227
-226
-114
-113
0
1
113
114
226
227
339
340
449
451
559
561
666
668
771
775
876
879
973
978
1068
1076
1166
1169
1254
1258
1339
1344
1421
1425
1495
1500
1566
1572
1631
1638
1693
1699
1747
1753
1796
1802
1838
1846
1878
1883
1908
1914
1931
1938
1949
1957
1961
1968
1964
1972
1965
1971
1959
1963
1941
1949
1921
1928
1895
1899
1861
1867
1821
1826
1774
1780
1723
1727
1665
1669
1603
1607
1536
1538
1462
1465
1383
1386
1301
1304
1214
1215
1125
1125
1027
1029
929
929
829
828
724
724
618
617
508
508
399
399
288
286
176
173
64
60
-51
-54
-164
-167
-275
-280
-387
-392
-498
-503
-608
-612
-714
-719
-819
-823
-920
-925
-1019
-1025
-1113
-1120
-1205
-1212
-1293
-1300
-1377
-1383
-1454
-1461
-1529
-1536
-1598
-1605
-1661
-1668
-1718
-1726
-1772
-1779
-1818
-1825
-1858
-1866
-1894
-1900
-1921
-1928
-1942
-1949
-1957
-1965
-1966
-1973
-1969
-1975
-1963
-1971
-1952
-1959
-1935
-1942
-1911
-1917
-1881
-1886
-1845
-1850
-1801
-1809
-1754
-1759
-1699
-1704
-1640
-1644
-1574
-1579
-1503
-1507
-1428
-1431
-1348
-1352
-1263
-1266
-1174
-1176
-1082
-1084
-984
-987
-883
-886
-783
-783
-677
-679
-569
-571
-461
-461
-348
-350
-237
-236
-125
-123
-12
-9
102
104
215
217
327
329
438
442
548
551
655
659
763
765
865
868
963
969
1061
1065
1155
1160
1245
1250
1330
1336
1412
1418
1487
1494
1559
1565
1627
1632
1687
1693
1742
1749
1792
1799
-1943
-1949
-1921
-1929
-1895
-1901
-1862
-1866
-1821
-1827
-1776
-1782
-1725
-1730
-1668
-1672
-1606
-1608
-1537
-1540
-1463
-1468
-1385
-1390
-1303
-1305
-1216
-1219
-1124
-1127
-1031
-1032
-931
-933
-829
-831
-726
-727
-619
-620
-510
-512
-400
-400
-289
-289
-175
-176
-62
-62
49
51
163
165
277
278
387
390
497
501
605
608
714
717
817
820
919
923
1023
1022
1116
1117
1203
1208
1291
1296
1375
1380
1455
1459
1527
1533
1596
1602
1659
1665
1719
1725
1770
1776
1815
1822
1857
1862
1891
1897
1918
1925
1940
1947
1955
1962
1964
1971
1966
1973
1962
1968
1951
1957
1934
1939
1911
1916
1880
1886
1844
1849
1802
1806
1754
1758
1699
1702
1637
1643
1575
1577
1502
1506
1428
1431
1349
1351
1264
1265
1175
1178
1082
1084
985
987
885
886
784
784
678
677
572
570
462
461
351
349
239
237
126
125
12
11
-101
-103
-214
-217
-328
-329
-438
-440
1419
1423
1495
1500
1565
1571
1632
1638
1692
1698
1747
1753
1797
1803
1839
1846
1877
1884
1908
1913
1934
1939
1950
1956
1961
1969
1968
1974
1967
1974
1959
1965
1943
1950
1923
1929
1897
1902
1862
1868
1823
1827
1778
1782
1726
1732
