1651 9 80000000 0 1388 9
2496
2501
2412
2417
2319
2326
2221
2225
2113
2118
1999
2005
1879
1884
1753
1756
1621
1624
1482
1485
1341
1343
1193
1193
1045
1042
888
889
731
730
571
571
411
409
247
245
82
80
-81
-85
-245
-249
-409
-413
-570
-575
-729
-735
-888
-893
-1042
-1048
-1192
-1200
-1339
-1347
-1482
-1491
-1620
-1629
-1753
-1760
-1880
-1888
-2000
-2009
-2112
-2121
-2218
-2229
-2318
-2328
-2410
-2421
-2494
-2504
-2569
-2578
-2636
-2646
-2692
-2704
-2742
-2753
-2782
-2794
-2813
-2825
-2833
-2845
-2846
-2856
-2850
-2860
-2843
-2854
-2826
-2835
-2801
-2811
-2767
-2775
-2723
-2731
-2670
-2678
-2607
-2615
-2537
-2545
-2458
-2465
-2369
-2377
-2275
-2282
-2173
-2179
-2063
-2068
-1946
-1951
-1824
-1827
-1694
-1697
-1559
-1563
-1419
-1422
-1274
-1276
-1125
-1126
-972
-974
-817
-818
-658
-659
-498
-497
-336
-335
-173
-170
-7
-4
156
160
321
323
482
486
644
648
803
806
958
963
1111
1118
1261
1266
1406
1411
1545
1554
1684
1689
1813
1818
1935
1942
2053
2061
2163
2171
2265
2275
2361
2371
2450
2459
2532
2538
2601
2611
2663
2673
2718
2728
2764
2772
2799
2808
2827
2835
2844
2852
2849
2859
2849
2857
2838
2846
2818
2824
2786
2795
2746
2755
2700
2707
2641
2648
2575
2583
2500
2509
2420
2426
2329
2333
2230
2235
2125
2129
2009
2016
1890
1895
1764
1768
1633
1637
1495
1498
1354
1355
1205
1209
1061
1057
905
903
746
745
588
586
424
423
262
260
97
95
-66
-70
-230
-234
-393
-397
-555
-560
-717
-720
-873
-878
-1028
-1033
-1180
-1185
-1327
-1335
-1471
-1478
-1607
-1616
-1742
-1749
-1869
-1876
-1989
-1997
-2103
-2111
-2210
-2220
-2311
-2319
-2403
-2413
-2487
-2497
-2563
-2573
-2631
-2641
-2690
-2700
-2739
-2749
-2780
-2790
-2812
-2821
-2833
-2844
-2848
-2857
-2851
-2860
-2844
-2854
-2829
-2838
-2803
-2813
-2771
-2778
-2727
-2735
-2675
-2682
-2614
-2621
-2543
-2550
-2466
-2471
-2378
-2385
-2284
-2290
-2181
-2187
-2073
-2077
-1958
-1961
-1834
-1838
-1706
-1708
-1573
-1574
-1431
-1434
-1288
-1289
-1140
-1140
-987
-987
-832
-832
-672
-673
-513
-511
-352
-349
-186
-185
-23
-20
143
145
305
308
468
471
629
633
788
792
943
950
1096
1102
1246
1253
1392
1399
1534
1541
1668
1678
1799
1808
1923
1932
2041
2051
2152
2163
2256
2266
2353
2362
2442
2451
2521
2532
2595
2605
2659
2669
2713
2723
2759
2769
2795
2806
2822
2833
2840
2851
2850
2861
2849
2859
2839
2849
2819
2828
2789
2799
2753
2760
2704
2713
2646
2656
2583
2590
2510
2516
2426
2433
2335
2343
2237
2245
2132
2138
2021
2025
1901
1906
1776
1780
1645
1649
1507
1511
1368
1369
1216
1224
1072
1070
917
918
758
759
600
599
438
437
276
274
113
111
-52
-55
-216
-220
-380
-383
-542
-546
-702
-707
-859
-864
-1015
-1020
-1168
-1172
-1315
-1321
-1459
-1464
-1597
-1604
-1731
-1739
-1858
-1866
-1980
-1988
-2095
-2102
-2203
-2210
-2302
-2312
-2394
-2404
-2481
-2491
-2558
-2567
-2626
-2636
-2685
-2695
-2738
-2746
-2779
-2788
-2810
-2820
-2834
-2844
-2848
-2858
-2853
-2863
-2848
-2857
-2832
-2842
-2809
-2818
-2775
-2784
-2732
-2741
-2681
-2689
-2620
-2629
-2552
-2559
-2475
-2481
-2390
-2396
-2294
-2302
-2194
-2200
-2086
-2090
-1969
-1974
-1847
-1851
-1719
-1724
-1585
-1588
-1446
-1449
-1304
-1305
-1154
-1155
-1003
-1003
-846
-848
-689
-689
-530
-528
-366
-366
-202
-201
-39
-35
125
128
289
293
451
455
611
617
771
777
929
935
1082
1087
1229
1237
1378
1385
1520
1526
1655
1663
1786
1795
1912
1920
2030
2039
2142
2151
2247
2255
2344
2354
2433
2443
2515
2524
2587
2598
2651
2663
2708
2717
2755
2765
2793
2803
2820
2830
2840
2849
2849
2858
2850
2860
2841
2851
2822
2831
2795
2803
2757
2765
2709
2718
2653
2662
2588
2598
2516
2525
2435
2442
2345
2353
2247
2256
2144
2150
2031
2039
1915
1921
1789
1794
1658
1663
1522
1526
1380
1384
1233
1237
1084
1086
931
932
774
776
616
616
455
453
291
291
127
126
-35
-37
-200
-201
-365
-366
-526
-528
-687
-690
-844
-847
-999
-1004
-1152
-1157
-1299
-1304
-1444
-1449
-1583
-1590
-1717
-1723
-1843
-1852
-1967
-1973
-2082
-2090
-2189
-2199
-2292
-2300
-2385
-2393
-2471
-2480
-2549
-2557
-2619
-2627
-2678
-2687
-2731
-2739
-2773
-2781
-2807
-2814
-2831
-2840
-2845
-2853
-2850
-2859
-2845
-2855
-2833
-2841
-2810
-2818
-2777
-2785
-2735
-2744
-2684
-2692
-2625
-2632
-2557
-2565
-2480
-2487
-2396
-2402
-2302
-2308
-2202
-2207
-2094
-2099
-1980
-1983
-1856
-1861
-1729
-1733
-1597
-1600
-1458
-1461
-1315
-1317
-1167
-1169
-1016
-1016
-861
-860
-705
-703
-542
-541
-380
-379
-216
-216
-52
-51
113
114
276
279
438
440
600
605
759
764
914
920
1071
1074
1219
1226
1366
1373
1507
1515
1643
1653
1777
1784
1900
1910
2020
2029
2133
2141
2237
2248
2337
2345
2425
2435
2507
2517
2584
2592
2646
2657
2704
2714
2753
2762
2790
2798
2819
2828
2839
2848
2849
2859
2850
2859
2841
2850
2823
2832
2796
2805
2760
2768
2713
2721
2659
2668
2598
2604
2524
2530
2442
2449
2356
2361
2258
2264
2154
2159
2043
2047
1925
1930
1801
1805
1670
1674
1535
1539
1395
1397
1248
1250
1099
1101
946
947
789
789
629
631
469
468
307
305
143
141
-21
-24
-185
-187
-349
-352
-511
-515
-672
-676
-829
-834
-985
-990
-1139
-1143
-1286
-1293
-1430
-1437
-1570
-1578
-1705
-1713
-1833
-1842
-1956
-1965
-2072
-2082
-2182
-2192
-2283
-2292
-2379
-2389
-2465
-2475
-2543
-2552
-2613
-2623
-2675
-2684
-2726
-2736
-2769
-2780
-2804
-2815
-2828
-2839
-2842
-2855
-2850
-2860
-2847
-2857
-2833
-2843
-2812
-2821
-2779
-2789
-2739
-2749
-2688
-2699
-2253
-2264
-2352
-2361
-2441
-2451
-2521
-2530
-2593
-2603
-2657
-2668
-2712
-2722
-2759
-2768
-2795
-2805
-2822
-2832
-2840
-2851
-2849
-2858
-2849
-2858
-2837
-2848
-2818
-2827
-2789
-2799
-2752
-2762
-2704
-2713
-2647
-2656
-2583
-2591
-2509
-2517
-2426
-2435
-2337
-2344
-2239
-2246
-2134
-2141
-2022
-2027
-1903
-1908
-1777
-1783
-1646
-1650
-1509
-1512
-1368
-1370
-1222
-1223
-1072
-1072
-918
-919
-760
-761
-602
-601
-440
-439
-277
-275
-114
-111
51
53
215
218
378
381
542
544
700
704
857
863
1012
1018
1163
1171
1313
1319
1457
1463
1595
1602
1727
1736
1855
1864
1976
1987
2091
2101
2200
2209
2300
2309
2394
2402
2479
2489
2555
2566
2625
2633
2684
2693
2735
2744
2776
2786
2808
2818
2832
2841
2846
2855
2850
2860
2844
2854
2830
2840
2806
2816
2772
2782
2731
2739
2679
2687
2618
2627
2549
2558
2474
2480
2388
2394
2293
2299
2192
2198
2084
2090
1969
1975
1847
1851
1718
1722
1585
1589
1446
1449
1303
1302
1152
1156
1001
1003
846
845
688
687
527
526
366
365
202
200
38
36
-124
-129
-289
-293
-452
-456
-613
-618
-773
-778
-930
-936
-1084
-1090
-1234
-1240
-1379
-1386
-1520
-1528
-1657
-1665
-1788
-1795
-1913
-1921
-2032
-2040
-2143
-2151
-2248
-2256
-2345
-2355
-2435
-2443
-2515
-2524
-2588
-2598
-2654
-2663
-2708
-2719
-2755
-2765
-2795
-2801
-2822
-2831
-2840
-2849
-2849
-2859
-2849
-2859
-2840
-2850
-2820
-2830
-2793
-2802
-2756
-2764
-2710
-2718
-2654
-2662
-2589
-2598
-2516
-2524
-2435
-2442
-2346
-2352
-2250
-2254
-2146
-2149
-2032
-2038
-1914
-1920
-1790
-1794
-1659
-1663
-1523
-1527
-1382
-1384
-1237
-1238
-1085
-1088
-932
-934
-777
-776
-616
-617
-456
-456
-292
-292
-129
-127
36
39
198
202
362
366
524
529
684
689
842
848
1001
1004
1153
1158
1297
1305
1441
1449
1582
1589
1715
1722
1844
1851
1966
1975
2081
2090
2190
2199
2291
2300
2386
2394
2472
2480
2549
2558
2619
2626
2678
2688
2730
2740
2772
2783
2805
2816
2831
2840
2845
2855
2850
2859
2845
2855
2832
2841
2809
2818
2776
2784
2734
2743
2683
2691
2623
2631
2555
2563
2479
2486
2394
2401
2302
2306
2200
2206
2093
2099
1978
1983
1857
1860
1731
1733
1596
1601
1458
1460
1314
1316
1168
1167
1013
1015
861
861
705
702
544
542
382
379
218
215
54
51
-110
-114
-275
-279
-438
-442
-599
-604
-759
-764
-916
-920
-1069
-1075
-1218
-1226
-1366
-1372
-1509
-1516
-1644
-1652
-1776
-1785
-1901
-1910
-2021
-2030
-2134
-2142
-2239
-2247
-2336
-2346
-2426
-2435
-2508
-2518
-2582
-2593
-2647
-2658
-2705
-2715
-2752
-2761
-2790
-2800
-2818
-2829
-2838
-2850
-2849
-2861
-2850
-2860
-2842
-2851
-2824
-2834
-2797
-2805
-2760
-2769
-2714
-2723
-2660
-2667
-2596
-2604
-2523
-2530
-2443
-2450
-2354
-2362
-2257
-2264
-2153
-2159
-2042
-2049
-1925
-1929
-1800
-1805
-1670
-1675
-1534
-1538
-1393
-1397
-1248
-1251
-1099
-1101
-946
-947
-790
-790
-629
-631
-468
-469
-305
-306
-143
-142
19
23
184
187
348
352
511
514
671
675
829
833
986
990
1139
1145
1287
1292
1431
1436
1571
1577
1704
1713
1833
1841
1956
1964
2072
2081
2182
2190
2282
2292
2378
2388
2464
2474
2543
2551
2613
2622
2674
2684
2727
2736
2769
2779
2804
2814
2829
2839
2846
2855
2851
2860
2848
2857
2836
2845
2813
2821
2781
2791
2740
2748
2690
2698
2632
2640
2564
2572
2489
2495
2404
2410
2314
2319
2213
2218
2105
2110
1992
1996
1870
1875
1744
1746
1610
1613
1471
1475
1329
1331
1181
1183
1027
1031
874
875
719
719
558
558
397
395
233
232
69
67
-94
-99
-257
-262
-421
-425
-583
-588
-743
-748
-899
-906
-1054
-1059
-1204
-1211
-1352
-1358
-1493
-1501
-1630
-1638
-1763
-1771
-1889
-1897
-2008
-2017
-2122
-2131
-2227
-2237
-2327
-2336
-2418
-2426
-2501
-2510
-2575
-2585
-2642
-2652
-2699
-2708
-2748
-2757
-2788
-2797
-2817
-2827
-2837
-2847
-2850
-2859
-2850
-2860
-2843
-2852
-2826
-2836
-2799
-2808
-2763
-2772
-2719
-2728
-2666
-2674
-2603
-2611
-2531
-2539
-2452
-2458
-2364
-2371
-2270
-2275
-2165
-2170
-2056
-2059
-1937
-1942
-1815
-1818
-1684
-1687
-1548
-1553
-1410
-1410
-1263
-1265
-1113
-1115
-961
-962
-806
-806
-646
-646
-485
-486
-323
-321
-159
-157
5
8
168
172
333
336
495
498
655
660
815
819
971
975
1124
1127
1271
1278
1417
1424
1557
1564
1690
1699
1819
1827
1942
1952
2058
2070
2169
2180
2272
2282
2367
2377
2454
2464
2533
2545
2605
2614
2668
2677
2720
2730
2764
2775
2800
2810
2826
2835
2842
2852
2850
2858
2847
2857
2835
2845
2813
2823
2783
2792
2742
2753
2695
2704
2636
2645
2570
2578
2494
2501
2410
2419
2322
2327
2220
2229
2114
2120
2001
2006
1879
1887
1754
1758
1620
1626
1483
1488
1341
1344
1196
1198
1043
1045
891
891
733
733
572
572
410
410
248
247
84
82
-81
-83
-244
-248
-408
-412
-570
-574
-730
-734
-887
-891
-1042
-1045
-1193
-1198
-1340
-1345
-1483
-1488
-1619
-1627
-1752
-1759
-1878
-1885
-1998
-2007
-2113
-2121
-2219
-2228
-2317
-2327
-2410
-2420
-2494
-2502
-2570
-2578
-2636
-2645
-2694
-2703
-2743
-2754
-2783
-2793
-2814
-2823
-2836
-2845
-2849
-2857
-2849
-2859
-2844
-2853
-2828
-2837
-2802
-2811
-2768
-2776
-2724
-2732
-2670
-2679
-2609
-2618
-2539
-2545
-2461
-2466
-2371
-2379
-2277
-2283
-2175
-2181
-2065
-2072
-1949
-1954
-1825
-1830
-1696
-1700
-1561
-1566
-1421
-1424
-1278
-1280
-1129
-1131
-976
-977
-820
-820
-661
-662
-501
-501
-338
-337
-175
-173
-10
-10
153
155
317
320
480
484
641
644
801
805
954
961
1106
1113
1259
1263
1405
1410
1544
1551
1680
1687
1809
1817
1933
1942
2051
2060
2159
2169
2264
2274
2360
2370
2450
2457
2529
2537
2599
2610
2663
2671
2715
2724
2762
2772
2797
2807
2822
2834
2842
2852
2849
2859
2849
2857
2838
2845
2817
2826
2788
2796
2746
2756
2700
2708
2643
2650
2577
2585
2500
2508
2420
2426
2330
2336
2231
2237
2126
2130
2012
2017
1893
1897
1767
1770
1636
1639
1497
1500
1357
1358
1209
1210
1061
1060
907
905
748
748
587
587
426
425
263
261
101
97
-64
-67
-229
-231
-391
-395
-553
-558
-713
-718
-871
-877
-1027
-1032
-1178
-1184
-1325
-1332
-1468
-1474
-1605
-1614
-1740
-1747
-1865
-1874
-1988
-1996
-2101
-2110
-2209
-2219
-2309
-2317
-2401
-2410
-2486
-2495
-2561
-2571
-2629
-2639
-2688
-2698
-2738
-2748
-2780
-2789
-2811
-2821
-2832
-2844
-2847
-2856
-2849
-2859
-2845
-2854
-2829
-2837
-2804
-2812
-2770
-2779
-2727
-2736
-2675
-2682
-2614
-2620
-2544
-2551
-2465
-2472
-2379
-2385
-2284
-2290
-2183
-2189
-2073
-2078
-1957
-1964
-1835
-1839
-1706
-1710
-1572
-1576
-1432
-1436
-1290
-1291
-1140
-1143
-988
-989
-833
-833
-675
-675
-513
-513
-351
-350
-189
-187
-25
-23
141
142
304
307
465
470
627
632
787
791
941
947
1094
1102
1247
1251
1392
1398
1533
1540
1668
1675
1799
1807
1923
1930
2041
2049
2154
2160
2256
2266
2353
2362
2442
2451
2523
2532
2596
2604
2659
2668
2714
2723
2759
2770
2798
2807
2825
2834
2842
2852
2852
2860
2851
2859
2839
2849
2820
2829
2791
2799
2751
2762
2705
2714
2649
2656
2585
2592
2510
2517
2428
2435
2339
2345
2240
2246
2135
2140
2023
2028
1905
1908
1779
1781
1647
1651
1510
1514
1367
1371
1224
1224
1072
1074
919
919
764
762
603
601
443
441
278
277
115
112
-49
-52
-213
-216
-376
-380
-538
-543
-698
-704
-856
-862
-1012
-1018
-1163
-1169
-1311
-1318
-1453
-1462
-1594
-1602
-1728
-1735
-1854
-1861
-1976
-1985
-2090
-2100
-2198
-2207
-2299
-2308
-2394
-2403
-2479
-2488
-2557
-2565
-2623
-2632
-2683
-2693
-2734
-2744
-2776
-2786
-2810
-2819
-2833
-2842
-2847
-2855
-2852
-2860
-2847
-2855
-2831
-2839
-2807
-2815
-2775
-2783
-2733
-2740
-2680
-2688
-2621
-2628
-2552
-2558
-2474
-2482
-2389
-2395
-2296
-2301
-2194
-2200
-2084
-2089
-1969
-1974
-1848
-1852
-1721
-1724
-1586
-1589
-1447
-1449
-1304
-1306
-1156
-1157
-1005
-1004
-849
-849
-690
-690
-529
-530
-367
-366
-205
-203
-41
-39
122
126
287
290
450
454
612
615
772
775
927
932
1079
1088
1233
1238
1377
1383
1516
1525
1656
1663
1787
1792
1910
1918
2029
2038
2141
2151
2246
2254
2342
2351
2433
2441
2514
2524
2587
2596
2653
2661
2708
2718
2755
2765
2793
2802
2820
2831
2840
2850
2849
2860
2849
2859
2841
2850
2823
2832
2793
2802
2756
2765
2710
2718
2655
2663
2590
2597
2518
2525
2438
2444
2348
2354
2249
2256
2145
2152
2033
2040
1914
1921
1791
1795
1660
1664
1525
1528
1383
1386
1237
1239
1087
1087
934
934
778
776
618
618
459
455
294
293
131
128
-34
-36
-197
-201
-361
-365
-524
-528
-683
-689
-842
-847
-998
-1003
-1149
-1155
-1298
-1304
-1442
-1449
-1581
-1589
-1714
-1722
-1844
-1849
-1965
-1974
-2080
-2089
-2189
-2199
-2290
-2301
-2385
-2393
-2471
-2479
-2547
-2557
-2616
-2627
-2678
-2689
-2730
-2739
-2773
-2782
-2805
-2816
-2830
-2839
-2844
-2854
-2851
-2859
-2846
-2855
-2833
-2842
-2809
-2818
-2777
-2787
-2736
-2746
-2687
-2695
-2628
-2634
-2558
-2565
-2481
-2488
-2397
-2404
-2304
-2310
-2204
-2210
-2096
-2101
-1981
-1986
-1861
-1865
-1731
-1736
-1599
-1603
-1461
-1462
-1317
-1319
-1171
-1171
-1018
-1019
-864
-863
-706
-704
-546
-543
-383
-382
-220
-218
-56
-53
109
112
271
275
434
439
596
602
756
760
912
917
1063
1072
1218
1224
1361
1370
1505
1513
1640
1650
1772
1781
1898
1907
2017
2027
2131
2140
2237
2245
2332
2343
2423
2434
2506
2516
2580
2590
2645
2656
2700
2712
2750
2759
2789
2798
2817
2827
2838
2847
2848
2857
2849
2858
2841
2850
2823
2832
2796
2804
2759
2768
2714
2722
2659
2667
2595
2604
2523
2533
2444
2450
2354
2361
2259
2265
2154
2160
2043
2050
1925
1930
1802
1807
1673
1676
1536
1539
1397
1398
1249
1252
1104
1102
950
949
791
791
631
633
471
469
309
307
145
144
-18
-22
-184
-187
-347
-350
-509
-513
-669
-674
-828
-833
-984
-990
-1135
-1142
-1285
-1291
-1429
-1437
-1569
-1576
-1703
-1710
-1832
-1840
-1953
-1963
-2069
-2079
-2180
-2189
-2282
-2292
-2376
-2386
-2464
-2474
-2542
-2552
-2611
-2623
-2673
-2683
-2726
-2735
-2769
-2780
-2803
-2814
-2827
-2838
-2843
-2854
-2850
-2861
-2848
-2857
-2834
-2844
-2811
-2822
-2781
-2790
-2740
-2748
-2691
-2699
-2631
-2641
-2564
-2572
-2489
-2495
-2405
-2411
-2311
-2319
-2211
-2218
-2105
-2111
-1991
-1998
-1871
-1876
-1744
-1749
-1611
-1616
-1473
-1476
-1330
-1333
-1183
-1185
-1032
-1034
-877
-879
-720
-721
-560
-561
-399
-398
-236
-234
-71
-69
93
95
257
259
421
424
583
585
742
745
897
904
1050
1058
1203
1208
1351
1356
1491
1499
1629
1638
1761
1770
1888
1896
2008
2015
2120
2129
2226
2236
2325
2334
2417
2426
2499
2509
2574
2583
2641
2650
2698
2709
2745
2757
2786
2796
2818
2826
2835
2846
2848
2857
2850
2859
2843
2851
2825
2834
2798
2807
2764
2772
2718
2727
2664
2672
2601
2610
2531
2538
2451
2457
2363
2370
2267
2274
2162
2171
2053
2060
1936
1940
1813
1818
1684
1688
1549
1552
1408
1411
1261
1266
1117
1117
965
963
806
807
647
647
486
485
326
323
161
159
-4
-6
-168
-171
-332
-334
-494
-498
-655
-659
-814
-819
-969
-974
-1122
-1128
-1271
-1278
-1416
-1423
-1555
-1563
-1690
-1698
-1821
-1829
-1944
-1951
-2060
-2069
-2170
-2180
-2274
-2283
-2369
-2377
-2456
-2466
-2536
-2546
-2606
-2616
-2667
-2679
-2722
-2731
-2766
-2776
-2801
-2811
-2828
-2837
-2843
-2854
-2851
-2860
-2849
-2857
-2836
-2845
-2815
-2824
-2785
-2793
-2745
-2753
-2696
-2704
-2638
-2645
-2571
-2579
-2497
-2503
-2413
-2420
-2322
-2327
-2224
-2228
-2117
-2121
-2004
-2007
-1882
-1887
-1757
-1760
-1625
-1628
-1486
-1489
-1345
-1346
-1197
-1199
-1046
-1047
-892
-891
-734
-734
-574
-574
-413
-413
-250
-248
-86
-84
78
81
243
246
405
409
567
571
728
730
882
889
1038
1043
1188
1194
1337
1343
1479
1486
1617
1625
1749
1757
1875
1885
1997
2007
2111
2120
2217
2227
2317
2326
2408
2417
2492
2502
2568
2578
2636
2645
2694
2702
2743
2752
2784
2792
2815
2825
2836
2846
2848
2858
2852
2860
2844
2853
2827
2838
2805
2812
2768
2776
2724
2733
2672
2679
2611
2616
2540
2547
2459
2466
2375
2380
2279
2284
2176
2182
2066
2072
1950
1954
1826
1831
1699
1702
1563
1565
1423
1425
1278
1280
1130
1130
980
977
820
822
664
662
501
501
340
339
176
174
11
9
-152
-155
-315
-319
-478
-482
-639
-644
-797
-803
-953
-959
-1107
-1113
-1256
-1263
-1401
-1408
-1541
-1549
-1678
-1685
-1808
-1815
-1931
-1938
-2049
-2057
-2159
-2168
-2263
-2272
-2359
-2368
-2446
-2456
-2527
-2537
-2599
-2608
-2662
-2671
-2716
-2726
-2762
-2772
-2796
-2807
-2824
-2834
-2842
-2852
-2850
-2858
-2848
-2857
-2837
-2847
-2817
-2826
-2787
-2795
-2749
-2758
-2701
-2709
-2644
-2651
-2576
-2585
-2503
-2511
-2421
-2429
-2330
-2337
-2233
-2238
-2127
-2133
-2013
-2019
-1893
-1899
-1769
-1773
-1636
-1640
-1500
-1502
-1357
-1360
-1212
-1213
-1060
-1062
-906
-907
-749
-749
-588
-590
-427
-428
-265
-264
-101
-101
64
65
227
229
390
393
552
556
714
716
868
874
1023
1029
1174
1181
1324
1328
1465
1473
1605
1611
1737
1744
1864
1872
1985
1994
2099
2108
2207
2216
2307
2315
2400
2408
2484
2493
2559
2569
2630
2638
2687
2695
2737
2746
2778
2787
2811
2819
2832
2841
2847
2855
2850
2859
2843
2852
2828
2837
2804
2813
2770
2779
2728
2735
2676
2683
2613
2622
2546
2552
2468
2474
2384
2387
2288
2292
2187
2190
2078
2080
1960
1964
1838
1842
1710
1713
1576
1578
1435
1437
1292
1293
1143
1143
995
990
836
836
677
676
517
516
354
352
191
189
27
24
-136
-141
-303
-306
-463
-469
-624
-630
-783
-789
-940
-946
-1094
-1100
-1243
-1251
-1390
-1397
-1530
-1537
-1667
-1675
-1797
-1805
-1921
-1929
-2039
-2048
-2151
-2159
-2255
-2263
-2350
-2360
-2440
-2449
-2520
-2530
-2593
-2603
-2656
-2667
-2711
-2722
-2758
-2768
-2794
-2805
-2822
-2833
-2840
-2851
-2850
-2860
-2849
-2859
-2839
-2849
-2820
-2830
-2790
-2801
-2753
-2762
-2705
-2714
-2648
-2658
-2584
-2593
-2512
-2519
-2430
-2436
-2338
-2346
-2242
-2249
-2136
-2143
-2024
-2030
-1905
-1911
-1781
-1785
-1650
-1654
-1513
-1516
-1372
-1374
-1226
-1227
-1076
-1076
-922
-923
-764
-765
-605
-607
-444
-444
-282
-280
-118
-116
47
49
211
214
375
378
537
541
697
702
854
859
1009
1016
1160
1169
1308
1316
1453
1459
1591
1598
1724
1732
1852
1860
1975
1983
2090
2098
2197
2208
2297
2307
2392
2400
2478
2486
2555
2563
2620
2631
2681
2691
2733
2743
2775
2786
2807
2816
2831
2841
2845
2855
2849
2858
2844
2853
2830
2838
2806
2816
2773
2782
2732
2740
2680
2688
2621
2627
2551
2558
2474
2480
2391
2395
2295
2302
2194
2200
2085
2091
1969
1975
1848
1851
1720
1724
1587
1592
1449
1451
1304
1306
1156
1158
1006
1005
850
851
692
692
531
531
370
368
206
204
43
40
-122
-124
-286
-290
-450
-453
-610
-614
-769
-774
-927
-931
-1080
-1085
-1229
-1235
-1376
-1382
-1519
-1524
-1655
-1661
-1784
-1793
-1910
-1918
-2029
-2038
-2141
-2148
-2245
-2254
-2342
-2352
-2433
-2442
-2514
-2523
-2586
-2597
-2652
-2662
-2708
-2717
-2754
-2763
-2791
-2802
-2820
-2831
-2839
-2849
-2850
-2859
-2850
-2859
-2840
-2849
-2821
-2831
-2794
-2802
-2757
-2765
-2709
-2717
-2655
-2662
-2591
-2597
-2517
-2524
-2436
-2443
-2349
-2353
-2248
-2256
-2145
-2151
-2033
-2039
-1917
-1921
-1791
-1796
-1661
-1665
-1525
-1527
-1386
-1386
-1238
-1240
-1088
-1089
-936
-935
-778
-779
-620
-618
-458
-457
-295
-293
-131
-130
34
36
196
199
362
363
522
527
683
688
839
846
993
1000
1147
1153
1296
1303
1440
1447
1580
1587
1714
1722
1841
1851
1962
1973
2080
2089
2189
2198
2289
2300
2384
2395
2471
2481
2548
2558
2617
2627
2678
2689
2730
2741
2773
2783
2807
2815
2830
2841
2845
2856
2851
2861
2848
2857
2833
2844
2810
2821
2780
2788
2737
2746
2686
2695
2626
2636
2559
2567
2483
2491
2397
2404
2306
2311
2203
2211
2097
2103
1983
1985
1862
1865
1734
1738
1601
1604
1461
1465
1319
1321
1169
1174
1020
1021
864
865
707
706
547
546
384
383
221
220
57
56
-106
-109
-270
-273
-434
-436
-595
-599
-754
-759
-911
-917
-1065
-1071
-1216
-1222
-1363
-1369
-1505
-1512
-1643
-1649
-1773
-1780
-1899
-1906
-2018
-2026
-2131
-2139
-2236
-2245
-2335
-2343
-2424
-2432
-2507
-2516
-2581
-2589
-2647
-2656
-2703
-2712
-2752
-2760
-2791
-2799
-2819
-2828
-2840
-2848
-2851
-2860
-2852
-2861
-2843
-2851
-2824
-2834
-2799
-2807
-2761
-2770
-2716
-2723
-2661
-2669
-2597
-2606
-2526
-2534
-2444
-2453
-2357
-2364
-2261
-2267
-2157
-2163
-2047
-2052
-1929
-1933
-1803
-1808
-1673
-1679
-1539
-1542
-1398
-1400
-1252
-1256
-1103
-1104
-949
-951
-792
-794
-634
-634
-473
-473
-312
-310
-146
-146
18
19
181
184
343
347
506
510
668
672
825
830
983
986
1134
1140
1279
1288
1426
1432
1567
1573
1700
1708
1829
1836
1954
1960
2069
2078
2176
2186
2279
2289
2375
2383
2461
2471
2541
2550
2609
2619
2672
2681
2725
2735
2768
2778
2804
2812
2827
2837
2843
2852
2849
2859
2846
2858
2835
2843
2812
2821
2782
2791
2741
2750
2691
2699
2632
2641
2567
2573
2490
2497
2406
2413
2313
2319
2214
2219
2107
2112
1991
1998
1872
1878
1745
1750
1613
1616
1475
1478
1330
1334
1184
1187
1030
1035
876
879
722
722
560
561
398
397
236
235
2511
2518
2429
2436
2340
2346
2242
2248
2138
2142
2025
2028
1906
1910
1779
1785
1650
1653
1511
1515
1370
1374
1225
1227
1078
1075
924
921
764
763
605
605
443
441
281
278
117
115
-47
-50
-211
-214
-374
-379
-536
-540
-695
-702
-854
-859
-1010
-1015
-1161
-1168
-1309
-1317
-1453
-1460
-1593
-1599
-1726
-1734
-1853
-1861
-1976
-1984
-2091
-2099
-2199
-2208
-2298
-2309
-2393
-2402
-2479
-2488
-2556
-2564
-2625
-2632
-2684
-2694
-2736
-2745
-2778
-2787
-2810
-2819
-2834
-2843
-2847
-2857
-2852
-2861
-2846
-2855
-2832
-2842
-2809
-2818
-2774
-2784
-2732
-2743
-2682
-2691
-2621
-2629
-2553
-2561
-2476
-2483
-2390
-2398
-2296
-2303
-2195
-2202
-2088
-2093
-1972
-1977
-1850
-1854
-1722
-1725
-1588
-1592
-1450
-1452
-1306
-1308
-1158
-1159
-1006
-1007
-851
-851
-694
-693
-533
-531
-371
-370
-208
-205
-43
-41
121
124
285
288
447
452
609
613
768
773
924
930
1078
1083
1228
1234
1376
1381
1515
1522
1651
1660
1782
1790
1907
1916
2026
2036
2137
2147
2246
2253
2342
2351
2431
2441
2512
2521
2587
2596
2652
2661
2706
2715
2755
2764
2792
2802
2820
2830
2839
2849
2850
2858
2851
2860
2840
2850
2821
2831
2795
2803
2757
2765
2710
2718
2655
2662
2591
2600
2518
2525
2438
2444
2349
2355
2251
2257
2147
2151
2035
2041
1916
1922
1793
1796
1661
1664
1524
1528
1384
1387
1237
1241
1087
1091
936
937
777
778
619
619
457
457
296
293
131
130
-33
-35
-196
-200
-360
-364
-521
-526
-682
-688
-840
-845
-994
-1001
-1147
-1154
-1295
-1302
-1439
-1447
-1581
-1587
-1713
-1721
-1844
-1850
-1964
-1972
-2079
-2088
-2188
-2198
-2289
-2299
-2384
-2393
-2471
-2480
-2548
-2558
-2617
-2627
-2678
-2688
-2730
-2740
-2772
-2783
-2806
-2816
-2831
-2841
-2846
-2855
-2852
-2860
-2847
-2857
-2833
-2843
-2809
-2819
-2779
-2787
-2738
-2746
-2686
-2695
-2628
-2636
-2559
-2567
-2484
-2490
-2400
-2404
-2306
-2311
-2206
-2211
-2099
-2103
-1984
-1988
-1862
-1865
-1736
-1738
-1601
-1604
-1463
-1466
-1320
-1322
-1173
-1174
-1021
-1021
-866
-865
-708
-707
-548
-546
-385
-382
-223
-219
-60
-56
107
109
269
274
432
436
595
599
754
759
909
917
1062
1070
1213
1221
1362
1369
1503
1510
1642
1647
1772
1780
1898
1905
2015
2025
2129
2138
2236
2243
2333
2342
2424
2432
2503
2515
2579
2589
2644
2655
2701
2713
2749
2760
2787
2799
2818
2828
2838
2849
2847
2859
2849
2859
2841
2851
2823
2833
2797
2807
2761
2770
2714
2724
2659
2669
2597
2605
2526
2534
2445
2453
2357
2365
2260
2268
2157
2164
2045
2052
1926
1933
1804
1809
1674
1678
1538
1543
1397
1402
1252
1254
1102
1106
950
953
792
794
633
634
472
472
311
309
147
146
-16
-18
-181
-183
-344
-347
-507
-510
-668
-671
-826
-831
-981
-987
-1134
-1140
-1283
-1289
-1427
-1434
-1567
-1574
-1701
-1709
-1831
-1837
-1953
-1961
-2068
-2078
-2178
-2187
-2281
-2289
-2376
-2385
-2462
-2471
-2540
-2549
-2612
-2619
-2671
-2681
-2725
-2734
-2768
-2778
-2803
-2812
-2830
-2837
-2844
-2853
-2850
-2860
-2848
-2857
-2835
-2844
-2813
-2821
-2781
-2789
-2741
-2750
-2692
-2698
-2633
-2640
-2566
-2574
-2490
-2497
-2406
-2412
-2314
-2321
-2214
-2220
-2107
-2113
-1993
-1999
-1874
-1878
-1747
-1750
-1614
-1617
-1475
-1478
-1333
-1335
-1187
-1187
-1034
-1036
-879
-881
-722
-722
-562
-561
-401
-400
-238
-236
-74
-71
92
93
255
257
418
421
579
582
738
743
896
899
1054
1057
1200
1208
1346
1354
1491
1496
1627
1634
1758
1767
1886
1893
2006
2013
2120
2127
2225
2234
2324
2332
2415
2424
2499
2508
2573
2583
2639
2649
2697
2707
2745
2755
2785
2794
2814
2824
2835
2846
2847
2857
2849
2858
2842
2852
2826
2834
2798
2807
2763
2772
2719
2727
2663
2674
2601
2610
2532
2538
2454
2458
2365
2371
2269
2274
2166
2171
2056
2060
1939
1943
1815
1820
1686
1689
1552
1554
1411
1412
1266
1268
1115
1117
961
964
808
807
651
648
490
487
327
324
162
159
-1
-5
-165
-169
-329
-335
-492
-497
-653
-658
-811
-817
-969
-974
-1120
-1126
-1271
-1276
-1414
-1422
-1556
-1563
-1691
-1698
-1819
-1827
-1945
-1953
-2060
-2068
-2171
-2180
-2272
-2283
-2368
-2378
-2456
-2466
-2535
-2544
-2608
-2616
-2669
-2679
-2723
-2732
-2767
-2777
-2801
-2812
-2827
-2837
-2844
-2854
-2853
-2861
-2849
-2858
-2837
-2847
-2817
-2826
-2787
-2795
-2747
-2754
-2698
-2706
-2640
-2648
-2574
-2581
-2497
-2505
-2415
-2422
-2324
-2330
-2225
-2230
-2119
-2124
-2004
-2010
-1884
-1890
-1759
-1762
-1626
-1629
-1488
-1492
-1348
-1348
-1200
-1200
-1049
-1049
-895
-896
-738
-736
-578
-576
-416
-414
-254
-252
-88
-87
75
77
237
242
402
406
563
567
723
728
882
887
1036
1042
1188
1193
1335
1339
1479
1483
1614
1622
1747
1756
1875
1882
1996
2004
2108
2118
2216
2224
2316
2324
2408
2417
2491
2502
2566
2577
2635
2643
2694
2702
2742
2752
2784
2791
2814
2824
2836
2846
2848
2857
2852
2860
2845
2855
2829
2837
2803
2811
2768
2777
2725
2733
2672
2681
2610
2617
2541
2546
2463
2468
2374
2380
2279
2285
2178
2182
2066
2072
1952
1956
1828
1832
1698
1701
1562
1566
1424
1426
1280
1282
1132
1134
977
980
823
823
665
664
504
503
341
340
179
177
13
12
-150
-153
-313
-318
-476
-480
-638
-643
-797
-801
-952
-957
-1104
-1112
-1255
-1261
-1400
-1407
-1540
-1548
-1677
-1684
-1806
-1814
-1931
-1937
-2048
-2055
-2159
-2167
-2263
-2271
-2359
-2367
-2447
-2455
-2527
-2537
-2600
-2609
-2661
-2671
-2717
-2726
-2763
-2771
-2799
-2807
-2826
-2834
-2843
-2852
-2852
-2860
-2849
-2859
-2839
-2847
-2820
-2827
-2790
-2798
-2751
-2758
-2703
-2710
-2648
-2653
-2579
-2586
-2507
-2512
-2424
-2429
-2334
-2338
-2236
-2240
-2129
-2134
-2018
-2021
-1898
-1901
-1772
-1774
-1641
-1642
