1651 9 80008000 0 1f4 9
-904
-905
-797
-799
-687
-689
-577
-578
-464
-466
-348
-350
-232
-233
-118
-116
0
1
118
119
234
236
350
352
464
467
578
580
689
692
797
800
903
908
1006
1011
1106
1110
1202
1208
1295
1301
1382
1388
1468
1472
1544
1551
1618
1624
1685
1693
1747
1755
1805
1813
1856
1863
1899
1908
1937
1945
1970
1978
1996
2003
2014
2021
2028
2034
2031
2039
2030
2037
2022
2028
2007
2014
1983
1992
1956
1963
1922
1928
1882
1887
1835
1840
1782
1785
1724
1726
1656
1661
1587
1590
1510
1514
1429
1434
1344
1347
1254
1257
1161
1163
1065
1065
963
963
857
856
748
749
640
638
526
525
413
412
296
296
179
180
63
62
-53
-54
-172
-172
-286
-289
-400
-404
-515
-519
-629
-631
-738
-741
-845
-850
-950
-956
-1052
-1057
-1150
-1156
-1245
-1249
-1334
-1340
-1422
-1427
-1503
-1508
-1579
-1584
-1651
-1656
-1716
-1722
-1775
-1781
-1828
-1836
-1876
-1883
-1918
-1925
-1954
-1960
-1981
-1990
-2004
-2011
-2020
-2026
-2028
-2036
-2031
-2038
-2026
-2032
-2015
-2021
-1997
-2003
-1971
-1978
-1942
-1946
-1904
-1908
-1860
-1865
-1810
-1815
-1753
-1759
-1692
-1697
-1623
-1628
-1551
-1555
-1474
-1476
-1391
-1393
-1305
-1305
-1211
-1214
-1115
-1116
-1016
-1016
-914
-914
-808
-807
-698
-699
-587
-587
-474
-475
-688
-691
-796
-801
-903
-907
-1006
-1012
-1104
-1111
-1203
-1208
-1295
-1301
-1382
-1389
-1466
-1472
-1545
-1552
-1617
-1625
-1686
-1693
-1747
-1756
-1807
-1812
-1856
-1863
-1901
-1908
-1938
-1947
-1970
-1978
-1996
-2004
-2013
-2022
-2027
-2035
-2030
-2039
-2030
-2037
-2024
-2030
-2007
-2013
-1984
-1992
-1957
-1965
-1923
-1930
-1882
-1888
-1834
-1840
-1781
-1786
-1723
-1727
-1657
-1661
-1586
-1591
-1511
-1515
-1429
-1434
-1345
-1348
-1254
-1258
-1159
-1164
-1062
-1064
-961
-964
-855
-859
-749
-750
-638
-639
-527
-527
-412
-413
-298
-298
-181
-181
-64
-64
51
54
170
171
285
287
400
403
514
518
628
631
737
740
846
848
950
954
1050
1056
1150
1154
1244
1248
1336
1340
1422
1426
1502
1508
1578
1584
1650
1656
1713
1720
1775
1781
1830
1836
1876
1884
1920
1925
1955
1961
1985
1990
2007
2012
2021
2027
2030
2037
2033
2039
2029
2034
2017
2023
1999
2004
1974
1980
1943
1949
1905
1909
1863
1867
1811
1817
1755
1760
1694
1698
1626
1630
1555
1557
1476
1478
1393
1396
1305
1307
1213
1214
1117
1120
1015
1019
913
915
810
807
699
700
588
589
475
475
362
360
247
244
129
127
13
10
-103
-108
-221
-224
-338
-340
-452
-456
-564
-569
-677
-681
-785
-790
-892
-898
-996
-1001
1804
1809
1855
1861
1898
1906
1937
1944
1970
1975
1992
2001
2013
2020
2025
2032
2029
2037
2028
2035
2020
2027
2004
2011
1985
1989
1955
1962
1921
1928
1880
1886
1833
1838
1779
1785
1721
1726
1656
1661
1586
1591
1510
1514
1429
1432
