1651 9 80000000 0 1388 9
-653
-654
-495
-495
-333
-333
-170
-170
-6
-4
157
160
320
323
482
485
642
647
801
805
955
962
1106
1114
1257
1263
1401
1407
1542
1548
1676
1684
1806
1813
1928
1936
2047
2053
2155
2164
2257
2267
2354
2362
2441
2449
2521
2528
2592
2600
2654
2663
2708
2716
2752
2760
2788
2798
2816
2823
2831
2839
2839
2847
2837
2846
2827
2835
2806
2813
2774
2785
2735
2745
2688
2695
2630
2639
2566
2573
2491
2498
2409
2414
2319
2324
2219
2226
2115
2120
2001
2006
1884
1888
1756
1760
1625
1629
1490
1491
1347
1349
1203
1203
1053
1051
900
900
741
742
581
582
423
419
259
257
95
94
-69
-71
-232
-234
-393
-397
-556
-560
-715
-720
-871
-877
-1026
-1031
-1177
-1182
-1323
-1329
-1465
-1474
-1603
-1610
-1737
-1744
-1863
-1870
-1982
-1990
-2096
-2105
-2203
-2212
-2303
-2312
-2393
-2404
-2479
-2487
-2553
-2563
-2620
-2630
-2678
-2689
-2728
-2738
-2768
-2779
-2802
-2810
-2822
-2833
-2835
-2845
-2837
-2848
-2833
-2842
-2816
-2827
-2791
-2800
-2757
-2766
-2715
-2723
-2663
-2671
-2599
-2608
-2532
-2539
-2453
-2461
-2368
-2374
-2274
-2280
-2173
-2177
-2064
-2068
-1948
-1951
-1825
-1829
-1697
-1701
-1563
-1567
-1423
-1427
-1281
-1283
-1132
-1134
-980
-981
-825
-826
-668
-669
-509
-508
-347
-345
-184
-183
-21
-18
143
146
306
309
469
472
627
633
789
792
943
948
1092
1101
1247
1251
1389
1396
1528
1535
1665
1673
1794
1804
1920
1927
2036
2044
2144
2155
2250
2259
2344
2356
2434
2443
2514
2524
2584
2596
2648
2660
2704
2714
2749
2759
2787
2796
2814
2823
2832
2842
2840
2850
2838
2848
2828
2838
2808
2818
2780
2788
2741
2749
2695
2702
2637
2645
2573
2579
2499
2505
2416
2424
2327
2334
2230
2235
2125
2130
2013
2017
1896
1898
1768
1773
1636
1641
1502
1505
1359
1362
1214
1217
1064
1067
912
912
756
755
596
596
437
436
275
273
111
108
-54
-55
-215
-220
-379
-383
-541
-545
-700
-704
-857
-862
-1010
-1018
-1164
-1169
-1311
-1316
-1454
-1459
-1592
-1598
-1723
-1731
-1852
-1858
-1973
-1980
-2087
-2095
-2195
-2202
-2296
-2304
-2388
-2396
-2474
-2482
-2548
-2558
-2617
-2625
-2678
-2685
-2726
-2736
-2769
-2777
-2802
-2809
-2826
-2833
-2838
-2846
-2841
-2850
-2837
-2844
-2821
-2830
-2797
-2805
-2764
-2772
-2722
-2730
-2670
-2678
-2610
-2617
-2541
-2548
-2465
-2471
-2378
-2384
-2284
-2291
-2183
-2190
-2074
-2081
-1960
-1965
-1839
-1843
-1710
-1715
-1578
-1580
-1438
-1440
-1295
-1298
-1149
-1149
-996
-997
-841
-842
-683
-685
-525
-524
-362
-362
-200
-198
-36
-34
126
130
291
293
452
456
614
617
773
776
925
932
1078
1086
1229
1235
1374
1381
1514
1523
1651
1659
1781
1790
1905
1914
2024
2032
2134
2143
2237
2249
2336
2345
2424
2433
2506
2515
2578
2589
2641
2653
2697
2709
2744
2755
2780
2792
2809
2819
2828
2839
2837
2849
2836
2848
2828
2839
2809
2820
2782
2791
2744
2753
2697
2706
2644
2650
2578
2587
2505
2512
2425
2432
2336
2342
2237
2246
2133
2139
2023
2028
1903
1909
1779
1785
1651
1654
1516
1518
1374
1376
1226
1229
1082
1081
930
927
768
770
611
610
450
450
288
288
124
123
-37
-40
-201
-204
-363
-368
-525
-529
-685
-689
-842
-847
-996
-1002
-1149
-1155
-1295
-1301
-1439
-1446
-1577
-1585
-1710
-1718
-1837
-1847
-1960
-1968
-2076
-2084
-2184
-2193
-2284
-2294
-2377
-2387
-2462
-2473
-2539
-2550
-2609
-2619
-2669
-2679
-2720
-2730
-2763
-2772
-2795
-2804
-2820
-2829
-2835
-2844
-2839
-2849
-2835
-2845
-2820
-2831
-2798
-2807
-2768
-2776
-2724
-2734
-2673
-2682
-2615
-2623
-2547
-2554
-2471
-2477
-2386
-2392
-2293
-2299
-2193
-2200
-2086
-2091
-1971
-1976
-1851
-1855
-1724
-1727
-1590
-1592
-1453
-1455
-1310
-1311
-1163
-1163
-1010
-1011
-856
-858
-700
-699
-539
-538
-378
-377
-216
-213
-51
-49
111
114
275
278
436
440
598
602
757
761
912
918
1066
1072
1215
1222
1363
1368
1503
1509
1639
1646
1770
1777
1895
1902
2014
2021
2126
2134
2230
2238
2327
2337
2416
2426
2497
2508
2573
2581
2635
2645
2693
2702
2741
2750
2777
2787
2807
2818
2826
2837
2838
2847
2838
2848
2830
2838
2813
2820
2785
2792
2749
2756
2704
2711
2650
2655
2585
2592
2513
2521
2433
2439
2344
2350
2248
2253
2144
2150
2033
2039
1915
1921
1790
1796
1663
1666
1526
1530
1388
1388
1242
1244
1093
1093
941
940
784
785
628
626
466
464
304
302
140
138
-23
-26
-186
-190
-350
-352
-511
-515
-671
-676
-828
-833
-983
-989
-1135
-1141
-1283
-1290
-1427
-1433
-1567
-1572
-1700
-1707
-1828
-1836
-1949
-1958
-2064
-2074
-2173
-2182
-2274
-2285
-2370
-2378
-2456
-2464
-2532
-2542
-2602
-2613
-2664
-2675
-2717
-2725
-2759
-2769
-2793
-2803
-2818
-2828
-2834
-2842
-2839
-2848
-2835
-2845
-2823
-2831
-2801
-2809
-2769
-2777
-2729
-2735
-2679
-2686
-2620
-2628
-2553
-2559
-2476
-2485
-2392
-2399
-2302
-2307
-2202
-2207
-2095
-2099
-1981
-1986
-1860
-1865
-1733
-1737
-1601
-1605
-1465
-1468
-1322
-1324
-1174
-1178
-1025
-1025
-869
-871
-713
-714
-555
-553
-394
-391
-230
-229
-66
-65
97
99
261
263
424
426
584
588
742
748
897
905
1052
1059
1201
1208
1349
1355
1490
1498
1627
1634
1757
1766
1884
1892
2003
2011
2115
2125
2220
2230
2318
2329
2410
2419
2492
2501
2565
2576
2632
2643
2689
2700
2736
2747
2775
2786
2806
2817
2825
2837
2837
2847
2839
2849
2830
2840
2813
2823
2788
2796
2753
2761
2707
2715
2653
2660
2591
2598
2519
2526
2437
2447
2350
2359
2256
2263
2155
2159
2043
2050
1927
1931
1803
1808
1674
1678
1540
1542
1400
1402
1254
1257
1106
1108
954
956
798
800
641
641
480
480
317
317
156
154
-8
-11
-172
-174
-334
-337
-497
-500
-656
-660
-815
-819
-969
-974
-1121
-1127
-1271
-1276
-1414
-1421
-1553
-1560
-1687
-1695
-1817
-1825
-1940
-1948
-2055
-2063
-2164
-2174
-2267
-2277
-2363
-2371
-2449
-2457
-2528
-2536
-2597
-2607
-2658
-2668
-2712
-2722
-2755
-2766
-2791
-2800
-2816
-2826
-2834
-2843
-2840
-2850
-2837
-2847
-2825
-2835
-2803
-2813
-2772
-2782
-2732
-2742
-2685
-2693
-2626
-2634
-2559
-2567
-2485
-2491
-2402
-2407
-2310
-2317
-2211
-2217
-2105
-2111
-1992
-1996
-1872
-1875
-1745
-1750
-1614
-1618
-1476
-1480
-1334
-1337
-1189
-1190
-1037
-1039
-884
-885
-728
-727
-567
-568
-406
-407
-243
-243
-81
-80
83
84
245
247
409
411
569
573
729
732
885
889
1038
1045
1188
1195
1337
1342
1480
1484
1614
1622
1747
1753
1874
1881
1994
2000
2106
2113
2211
2220
2309
2319
2403
2411
2485
2494
2560
2568
2627
2636
2686
2694
2732
2742
2773
2782
2804
2813
2824
2834
2838
2846
2841
2849
2834
2842
2818
2825
2792
2799
2757
2765
2713
2721
2660
2667
2597
2605
2526
2533
2449
2455
2361
2366
2267
2273
2164
2170
2053
2059
1939
1943
1815
1820
1689
1691
1553
1555
1413
1415
1270
1271
1120
1122
968
969
814
813
656
655
496
495
335
333
171
169
7
4
-156
-159
-318
-322
-480
-484
-640
-647
-799
-805
-954
-961
-1106
-1113
-1255
-1263
-1400
-1408
-1540
-1548
-1674
-1683
-1803
-1813
-1926
-1936
-2044
-2052
-2153
-2164
-2256
-2266
-2353
-2362
-2440
-2450
-2521
-2530
-2591
-2601
-2653
-2664
-2708
-2718
-2753
-2763
-2788
-2799
-2814
-2826
-2832
-2842
-2840
-2850
-2839
-2848
-2828
-2836
-2807
-2816
-2777
-2786
-2738
-2747
-2690
-2699
-2632
-2641
-2566
-2574
-2494
-2502
-2411
-2418
-2321
-2327
-2222
-2227
-2116
-2123
-2005
-2010
-1884
-1890
-1760
-1764
-1628
-1632
-1491
-1494
-1350
-1354
-1204
-1205
-1054
-1054
-899
-901
-744
-744
-586
-584
-422
-423
-260
-259
-97
-97
65
68
229
232
391
395
552
557
714
716
868
874
1025
1029
1174
1180
1321
1327
1464
1471
1603
1608
1734
1741
1860
1867
1981
1989
2095
2102
2202
2209
2300
2309
2391
2401
2476
2484
2553
2562
2620
2629
2679
2687
2729
2737
2770
2779
2800
2810
2822
2831
2835
2845
2839
2849
2833
2843
2817
2827
2794
2801
2760
2768
2716
2724
2664
2671
2604
2611
2534
2541
2455
2462
2371
2376
2274
2281
2173
2179
2065
2070
1949
1954
1827
1831
1699
1702
1566
1567
1427
1429
1284
1285
1134
1136
983
984
827
828
671
670
510
509
349
348
186
184
22
20
-141
-144
-303
-308
-466
-471
-626
-631
-785
-789
-940
-946
-1092
-1099
-1242
-1249
-1385
-1393
-1528
-1534
-1662
-1670
-1792
-1800
-1916
-1924
-2033
-2041
-2145
-2152
-2248
-2256
-2343
-2353
-2433
-2441
-2513
-2521
-2584
-2593
-2648
-2657
-2703
-2712
-2749
-2758
-2784
-2794
-2812
-2820
-2829
-2838
-2837
-2847
-2837
-2847
-2827
-2836
-2808
-2817
-2779
-2788
-2740
-2749
-2694
-2703
-2637
-2646
-2572
-2580
-2500
-2507
-2418
-2424
-2328
-2334
-2231
-2236
-2126
-2131
-2015
-2019
-1895
-1900
-1771
-1775
-1640
-1643
-1504
-1507
-1363
-1365
-1216
-1218
-1068
-1069
-914
-914
-758
-758
-599
-599
-437
-436
-275
-274
-113
-112
52
53
215
217
376
380
537
542
698
702
855
860
1013
1016
1160
1167
1307
1315
1451
1459
1586
1596
1721
1729
1847
1858
1970
1979
2084
2093
2190
2200
2292
2302
2386
2394
2469
2477
2546
2556
2613
2623
2672
2682
2724
2734
2764
2776
2796
2807
2820
2830
2835
2844
2838
2848
2833
2843
2817
2829
2794
2804
2761
2771
2720
2728
2669
2677
2608
2617
2538
2548
2462
2469
2377
2383
2283
2290
2184
2189
2075
2081
1960
1965
1839
1842
1711
1714
1579
1581
1439
1442
1295
1297
1148
1149
996
998
841
843
684
685
525
524
363
362
201
199
38
35
-126
-128
-289
-292
-451
-455
-611
-617
-770
-776
-927
-932
-1079
-1085
-1228
-1235
-1374
-1380
-1517
-1522
-1651
-1658
-1783
-1789
-1906
-1914
-2024
-2032
-2135
-2144
-2239
-2249
-2337
-2346
-2424
-2435
-2507
-2515
-2579
-2588
-2642
-2653
-2698
-2708
-2744
-2754
-2782
-2792
-2811
-2821
-2829
-2839
-2838
-2848
-2839
-2849
-2830
-2838
-2810
-2818
-2781
-2791
-2745
-2754
-2698
-2706
-2642
-2650
-2579
-2587
-2507
-2513
-2425
-2432
-2336
-2342
-2240
-2245
-2136
-2141
-2024
-2028
-1906
-1910
-1781
-1787
-1651
-1656
-1516
-1518
-1375
-1377
-1230
-1233
-1081
-1083
-928
-928
-772
-772
-613
-613
-453
-452
-289
-289
-127
-126
35
38
199
202
363
366
525
528
685
689
842
847
996
1001
1147
1153
1296
1302
1439
1445
1577
1584
1710
1718
1838
1846
1961
1967
2075
2083
2183
2192
2285
2293
2376
2385
2465
2473
2540
2550
2610
2620
2669
2680
2722
2730
2763
2773
2795
2806
2821
2830
2836
2845
2842
2850
2837
2845
2823
2832
2799
2809
2767
2776
2725
2734
2675
2683
2616
2623
2548
2555
2471
2478
2386
2394
2292
2299
2192
2199
2085
2091
1971
1975
1850
1855
1724
1726
1591
1594
1452
1456
1310
1311
1161
1164
1008
1012
856
856
701
700
541
539
379
377
216
214
54
51
-111
-114
-273
-277
-435
-440
-595
-601
-755
-761
-913
-918
-1065
-1070
-1214
-1221
-1360
-1368
-1502
-1509
-1637
-1645
-1769
-1776
-1894
-1903
-2012
-2022
-2125
-2134
-2229
-2239
-2328
-2338
-2418
-2427
-2499
-2508
-2574
-2583
-2638
-2648
-2693
-2704
-2740
-2751
-2781
-2791
-2810
-2819
-2829
-2838
-2839
-2849
-2840
-2849
-2831
-2840
-2814
-2823
-2786
-2796
-2750
-2759
-2705
-2713
-2649
-2658
-2586
-2594
-2515
-2521
-2435
-2442
-2347
-2353
-2251
-2257
-2147
-2152
-2037
-2040
-1918
-1923
-1795
-1799
-1665
-1668
-1530
-1533
-1390
-1393
-1243
-1246
-1095
-1097
-942
-944
-787
-788
-628
-628
-469
-467
-307
-305
-144
-141
20
23
183
186
347
350
510
512
667
672
827
831
982
985
1133
1140
1278
1287
1424
1430
1563
1570
1697
1705
1824
1833
1946
1955
2065
2072
2171
2181
2273
2282
2368
2376
2454
2463
2532
2541
2601
2611
2664
2672
2714
2724
2758
2767
2792
2802
2816
2827
2833
2842
2839
2848
2836
2846
2823
2832
2801
2809
2769
2779
2730
2738
2679
2689
2620
2629
2554
2560
2478
2485
2393
2402
2301
2308
2203
2210
2096
2102
1982
1987
1862
1867
1736
1740
1605
1606
1465
1468
1324
1327
1176
1178
1024
1026
872
871
716
715
555
555
394
393
232
229
69
66
-95
-98
-258
-263
-421
-425
-581
-586
-739
-745
-898
-903
-1051
-1056
-1201
-1207
-1347
-1353
-1487
-1496
-1625
-1632
-1756
-1764
-1882
-1890
-2001
-2009
-2113
-2123
-2219
-2228
-2318
-2326
-2409
-2417
-2491
-2499
-2565
-2574
-2631
-2641
-2688
-2697
-2737
-2746
-2774
-2785
-2804
-2815
-2826
-2835
-2838
-2847
-2839
-2848
-2830
-2840
-2815
-2824
-2787
-2797
-2751
-2761
-2708
-2716
-2653
-2662
-2592
-2599
-2522
-2528
-2440
-2448
-2353
-2361
-2258
-2265
-2154
-2161
-2046
-2051
-1928
-1934
-1806
-1810
-1676
-1681
-1543
-1545
-1402
-1405
-1256
-1258
-1110
-1111
-957
-958
-801
-802
-643
-643
-482
-482
-321
-319
-158
-155
6
9
169
172
332
335
495
499
655
659
813
816
968
973
1121
1124
1268
1275
1411
1419
1552
1559
1685
1693
1815
1822
1938
1946
2055
2062
2162
2172
2264
2275
2360
2370
2448
2457
2524
2535
2596
2607
2658
2667
2711
2722
2754
2765
2790
2800
2816
2826
2833
2842
2839
2849
2836
2847
2825
2834
2803
2813
2773
2782
2733
2742
2685
2692
2627
2634
2559
2569
2485
2493
2402
2409
2312
2318
2215
2219
2105
2112
1993
1999
1873
1879
1749
1753
1616
1620
1480
1483
1338
1340
1192
1193
1041
1041
888
888
732
730
571
571
409
408
248
246
85
82
-80
-83
-244
-246
-406
-409
-567
-571
-725
-730
-882
-887
-1036
-1042
-1186
-1193
-1334
-1340
-1476
-1483
-1613
-1619
-1746
-1753
-1871
-1879
-1990
-1999
-2103
-2112
-2211
-2219
-2310
-2317
-2400
-2409
-2483
-2494
-2558
-2568
-2625
-2634
-2683
-2693
-2733
-2743
-2774
-2782
-2803
-2812
-2824
-2834
-2835
-2846
-2839
-2848
-2833
-2841
-2816
-2825
-2791
-2799
-2758
-2764
-2713
-2720
-2659
-2666
-2598
-2605
-2527
-2534
-2448
-2455
-2362
-2369
-2266
-2273
-2165
-2170
-2056
-2061
-1939
-1944
-1816
-1821
-1688
-1692
-1555
-1557
-1416
-1418
-1273
-1274
-1124
-1125
-971
-971
-816
-816
-658
-658
-497
-497
-336
-334
-173
-172
-9
-8
154
157
316
321
480
483
639
643
798
802
955
959
1105
1110
1255
1260
1400
1405
1540
1546
1673
1681
1803
1810
1926
1935
2043
2051
2152
2161
2257
2264
2353
2360
2440
2448
2520
2529
2590
2601
2652
2662
2708
2716
2753
2761
2789
2797
2815
2824
2831
2841
2841
2848
2838
2848
2826
2835
2807
2815
2776
2784
2736
2744
2690
2696
2632
2639
2568
2574
2492
2498
2410
2416
2319
2325
2222
2227
2115
2121
2003
2008
1885
1890
1760
1763
1628
1631
1491
1495
1350
1352
1204
1204
1053
1055
900
900
744
744
585
585
426
423
263
260
101
97
-65
-68
-228
-232
-390
-395
-552
-557
-713
-716
-868
-873
-1022
-1030
-1174
-1180
-1320
-1327
-1463
-1470
-1601
-1608
-1733
-1741
-1859
-1866
-1980
-1988
-2095
-2103
-2200
-2210
-2301
-2309
-2394
-2403
-2477
-2487
-2553
-2563
-2619
-2630
-2680
-2689
-2729
-2740
-2770
-2779
-2801
-2811
-2823
-2834
-2837
-2846
-2840
-2850
-2833
-2844
-2818
-2829
-2794
-2804
-2760
-2769
-2716
-2726
-2664
-2673
-2604
-2612
-2535
-2542
-2457
-2463
-2371
-2378
-2277
-2282
-2175
-2182
-2067
-2072
-1951
-1955
-1829
-1834
-1700
-1704
-1568
-1570
-1427
-1431
-1284
-1287
-1137
-1139
-984
-986
-830
-830
-673
-672
-511
-511
-351
-349
-188
-185
-26
-23
139
142
304
306
465
468
624
629
785
788
940
944
1092
1097
1243
1247
1385
1393
1526
1533
1661
1669
1789
1799
1916
1924
2033
2041
2144
2152
2247
2256
2344
2353
2433
2441
2512
2522
2584
2595
2650
2658
2703
2713
2749
2759
2788
2795
2812
2822
2830
2839
2840
2849
2839
2848
2828
2838
2810
2818
2782
2790
2744
2752
2695
2702
2639
2648
2575
2582
2501
2508
2421
2427
2330
2337
2232
2239
2126
2133
2016
2021
1898
1901
1772
1776
1642
1646
1504
1509
1365
1367
1218
1221
1067
1069
915
916
761
759
601
600
440
439
277
275
114
112
-50
-52
-213
-216
-376
-379
-536
-542
-697
-701
-854
-859
-1008
-1014
-1160
-1166
-1306
-1313
-1449
-1458
-1587
-1595
-1721
-1728
-1848
-1856
-1969
-1978
-2085
-2093
-2192
-2200
-2292
-2301
-2385
-2393
-2470
-2479
-2546
-2556
-2613
-2624
-2674
-2684
-2724
-2734
-2766
-2776
-2799
-2808
-2823
-2831
-2835
-2845
-2840
-2849
-2836
-2844
-2822
-2830
-2797
-2806
-2764
-2773
-2723
-2730
-2672
-2678
-2611
-2619
-2543
-2550
-2466
-2473
-2380
-2386
-2287
-2292
-2186
-2192
-2077
-2084
-1962
-1968
-1840
-1846
-1713
-1717
-1581
-1584
-1443
-1445
-1299
-1301
-1151
-1153
-1000
-1001
-847
-845
-688
-687
-527
-527
-367
-366
-204
-202
-40
-38
124
126
287
290
448
453
610
614
767
773
924
930
1077
1081
1228
1232
1372
1378
1511
1519
1647
1656
1779
1786
1903
1911
2021
2029
2132
2140
2236
2245
2333
2341
2422
2431
2504
2512
2575
2586
2642
2650
2697
2705
2745
2753
2780
2790
2809
2817
2828
2837
2836
2847
2835
2846
2829
2836
2810
2819
2782
2790
2745
2753
2700
2707
2644
2652
2580
2587
2508
2514
2428
2434
2337
2344
2242
2247
2137
2142
2025
2032
1908
1913
1784
1788
1653
1656
1517
1521
1375
1380
1231
1233
1084
1086
929
931
775
773
616
615
455
455
292
291
131
128
-34
-37
-197
-201
-361
-365
-522
-526
-682
-686
-841
-845
-994
-999
-1145
-1151
-1294
-1299
-1436
-1443
-1574
-1582
-1708
-1716
-1836
-1843
-1957
-1965
-2073
-2081
-2180
-2188
-2282
-2291
-2375
-2385
-2461
-2470
-2539
-2546
-2607
-2617
-480
-484
-639
-644
-798
-803
-952
-959
-1103
-1111
-1252
-1261
-1399
-1406
-1539
-1546
-1675
-1681
-1804
-1811
-1926
-1935
-2044
-2052
-2154
-2162
-2257
-2266
-2352
-2362
-2440
-2450
-2520
-2529
-2592
-2601
-2653
-2663
-2707
-2717
-2754
-2763
-2789
-2799
-2815
-2825
-2832
-2843
-2841
-2850
-2840
-2849
-2828
-2838
-2807
-2817
-2778
-2787
-2740
-2748
-2692
-2699
-2636
-2642
-2569
-2577
-2496
-2502
-2412
-2418
-2322
-2329
-2225
-2230
-2118
-2123
-2005
-2011
-1887
-1892
-1762
-1765
-1629
-1634
-1495
-1497
-1352
-1354
-1206
-1208
-1057
-1056
-902
-902
-745
-746
-586
-585
-425
-425
-264
-262
-100
-98
64
67
225
229
389
393
550
555
711
714
867
873
1019
1026
1173
1178
1320
1325
1463
1469
1599
1607
1733
1738
1858
1866
1977
1988
2092
2102
2199
2209
2300
2308
2390
2401
2474
2485
2552
2561
2618
2628
2677
2687
2727
2737
2768
2777
2800
2810
2821
2833
2834
2844
2839
2849
2832
2843
2819
2828
2793
2803
2760
2768
2716
2725
2665
2672
2602
2611
2533
2542
2456
2464
2369
2378
2275
2283
2175
2181
2066
2071
1951
1955
1830
1832
1702
1704
1567
1571
1428
1431
1283
1288
1137
1140
987
986
832
831
672
673
513
512
351
349
189
187
25
23
-139
-140
-301
-306
-463
-467
-625
-628
-783
-788
-939
-944
-1092
-1096
-1241
-1247
-1385
-1392
-1526
-1532
-1660
-1668
-1791
-1798
-1914
-1922
-2032
-2040
-2144
-2151
-2247
-2254
-2344
-2351
-2430
-2440
-2510
-2521
-2584
-2593
-2646
-2656
-2702
-2712
-2748
-2758
-2784
-2793
-2812
-2821
-2830
-2839
-2839
-2847
-2838
-2846
-2827
-2836
-2808
-2817
-2779
-2788
-2742
-2749
-2695
-2703
-2639
-2646
-2575
-2582
-2501
-2507
-2420
-2425
-2330
-2336
-2233
-2238
-2127
-2133
-2015
-2020
-1897
-1901
-1772
-1776
-1641
-1645
-1507
-1508
-1364
-1366
-1219
-1220
-1069
-1070
-916
-916
-759
-760
-599
-601
-440
-439
-278
-276
-115
-112
49
52
210
215
375
379
536
541
697
702
854
858
1006
1013
1158
1166
1307
1312
1449
1456
1588
1595
1721
1729
1846
1855
1969
1977
2082
2092
2190
2200
2291
2301
2383
2394
2470
2478
2545
2555
2615
2622
2673
2683
2724
2734
2764
2775
2797
2809
2820
2831
2834
2845
2837
2849
2833
2845
2819
2828
2795
2805
2763
2771
2719
2730
2669
2677
2609
2617
2540
2548
2463
2470
2378
2385
2286
2291
2184
2190
2076
2081
1960
1967
1839
1845
1714
1717
1580
1582
1441
1444
1298
1300
1151
1151
1002
1000
846
845
688
688
528
527
367
366
205
203
40
38
-123
-126
-287
-289
-448
-452
-609
-613
-769
-772
-925
-928
-1077
-1083
-1227
-1233
-1372
-1379
-1512
-1518
-1649
-1655
-1780
-1788
-1903
-1911
-2022
-2028
-2133
-2141
-2237
-2245
-2335
-2343
-2424
-2433
-2506
-2513
-2578
-2587
-2641
-2651
-2697
-2707
-2745
-2754
-2782
-2791
-2810
-2818
-2829
-2837
-2838
-2847
-2838
-2847
-2830
-2837
-2811
-2819
-2783
-2790
-2745
-2754
-2698
-2706
-2644
-2651
-2579
-2587
-2507
-2514
-2426
-2433
-2337
-2343
-2241
-2245
-2136
-2141
-2025
-2030
-1907
-1910
-1783
-1786
-1653
-1657
-1517
-1520
-1377
-1379
-1230
-1233
-1082
-1083
-928
-930
-773
-773
-614
-614
-454
-453
-291
-291
-129
-128
35
37
198
201
362
364
523
527
681
686
839
844
992
1000
1144
1151
1294
1299
1437
1444
1576
1582
1710
1716
1836
1844
1958
1968
2073
2082
2181
2191
2284
2293
2376
2385
2462
2470
2537
2549
2609
2619
2668
2678
2718
2731
2763
2773
2796
2806
2818
2830
2835
2845
2839
2851
2836
2846
2821
2832
2798
2808
2767
2776
2725
2734
2673
2683
2615
2623
2548
2555
2471
2479
2385
2393
2293
2301
2193
2201
2085
2093
1972
1977
1853
1856
1725
1730
1590
1596
1452
1457
1311
1314
1163
1166
1014
1015
860
861
702
702
542
541
381
381
219
218
55
54
-109
-111
-271
-275
-435
-437
-595
-600
-753
-758
-910
-914
-1064
-1068
-1213
-1219
-1359
-1364
-1501
-1506
-1637
-1642
-1769
-1774
-1892
-1899
-2011
-2019
-2124
-2131
-2229
-2237
-2325
-2334
-2416
-2425
-2498
-2507
-2572
-2581
-2637
-2647
-2694
-2703
-2741
-2751
-2779
-2789
-2810
-2819
-2828
-2839
-2839
-2848
-2839
-2849
-2832
-2841
-2814
-2822
-2787
-2794
-2751
-2759
-2706
-2713
-2651
-2658
-2589
-2594
-2516
-2522
-2435
-2443
-2347
-2354
-2250
-2256
-2147
-2154
-2037
-2043
-1919
-1924
-1796
-1799
-1666
-1669
-1530
-1533
-1391
-1395
-1245
-1248
-1098
-1099
-945
-944
-789
-789
-631
-630
-470
-468
-307
-306
-146
-143
18
20
182
184
345
349
507
510
666
672
826
830
977
984
1129
1135
1279
1285
1424
1430
1562
1568
1696
1702
1825
1832
1945
1954
2061
2071
2171
2179
2273
2281
2367
2375
2454
2462
2531
2541
2601
2611
2661
2672
2715
2724
2759
2770
2793
2803
2818
2827
2835
2845
2841
2849
2835
2846
2823
2833
2801
2812
2770
2781
2730
2738
2680
2689
2621
2630
2553
2562
2482
2487
2396
2403
2304
2310
2206
2212
2098
2104
1984
1990
1863
1870
1737
1741
1605
1609
1466
1471
1324
1328
1178
1181
1030
1029
875
874
717
716
558
557
398
396
234
233
70
68
-93
-96
-256
-260
-419
-423
-580
-583
-738
-742
-895
-900
-1050
-1054
-1198
-1206
-1344
-1351
-1488
-1493
-1624
-1631
-1755
-1762
-1881
-1889
-1999
-2009
-2113
-2120
-2219
-2227
-2316
-2326
-2406
-2416
-2489
-2499
-2564
-2573
-2630
-2640
-2687
-2697
-2735
-2744
-2774
-2785
-2806
-2815
-2826
-2835
-2836
-2846
-2838
-2848
-2832
-2841
-2813
-2824
-2788
-2797
-2752
-2762
-2708
-2717
-2655
-2663
-2593
-2601
-2522
-2530
-2442
-2450
-2355
-2362
-2260
-2267
-2158
-2163
-2047
-2052
-1931
-1935
-1808
-1812
-1679
-1683
-1543
-1547
-1403
-1407
-1259
-1263
-1111
-1113
-960
-960
-805
-805
-646
-646
-486
-486
-323
-322
-161
-159
2
5
167
169
330
332
491
495
652
656
810
815
963
969
1115
1123
1264
1271
1408
1416
1550
1557
1685
1690
1813
1820
1935
1943
2051
2061
2161
2170
2264
2274
2358
2368
2447
2456
2523
2534
2594
2604
2656
2667
2711
2721
2755
2764
2791
2799
2815
2826
2831
2842
2838
2849
2836
2846
2824
2834
2803
2813
2773
2783
2734
2742
2685
2694
2628
2636
2562
2569
2487
2494
2405
2410
2315
2318
2214
2220
2107
2114
1996
2000
1877
1879
1750
1753
1618
1622
1482
1485
1339
1342
1193
1194
1045
1044
890
888
732
732
573
573
411
411
248
248
87
84
-78
-80
-241
-243
-403
-407
-564
-569
-722
-729
-881
-886
-1036
-1040
-1185
-1190
-1333
-1339
-1474
-1481
-1613
-1618
-1744
-1750
-1869
-1878
-1990
-1998
-2103
-2112
-2209
-2218
-2308
-2317
-2399
-2409
-2483
-2492
-2559
-2568
-2625
-2635
-2683
-2692
-2731
-2742
-2772
-2782
-2802
-2812
-2824
-2833
-2837
-2845
-2838
-2849
-2832
-2842
-2816
-2826
-2791
-2799
-2756
-2765
-2712
-2720
-2659
-2668
-2598
-2607
-2528
-2535
-2449
-2456
-2364
-2369
-2268
-2275
-2166
-2172
-2057
-2062
-1942
-1946
-1820
-1823
-1690
-1693
-1556
-1559
-1418
-1419
-1273
-1276
-1124
-1125
-973
-973
-817
-818
-660
-659
-498
-499
-337
-336
-176
-173
-11
-9
152
157
313
319
478
481
637
641
797
800
950
957
1101
1111
1254
1260
1397
1404
1538
1544
1671
1679
1801
1809
1923
1932
2042
2050
2152
2162
2256
2263
2351
2360
2439
2447
2518
2528
2590
2599
2652
2662
2706
2716
2750
2761
2787
2797
2814
2824
2831
2841
2838
2848
2838
2845
2827
2835
2805
2815
2778
2785
2738
2746
2689
2698
2634
2641
2567
2575
2494
2501
2411
2418
2320
2327
2223
2229
2118
2122
2005
2009
1885
1891
1760
1766
1630
1634
1493
1496
1350
1354
1207
1209
1055
1058
903
903
748
746
588
587
426
425
264
263
103
98
-61
-66
-225
-229
-388
-391
-548
-553
-709
-714
-866
-871
-1018
-1026
-1170
-1177
-1317
-1324
-1460
-1468
-1598
-1605
-1732
-1739
-1859
-1865
-1978
-1987
-2093
-2100
-2200
-2209
-2300
-2309
-2391
-2401
-2475
-2485
-2552
-2561
-2619
-2629
-2677
-2687
-2728
-2737
-2769
-2778
-2801
-2811
-2823
-2833
-2837
-2845
-2840
-2849
-2834
-2843
-2819
-2827
-2795
-2803
-2761
-2769
-2718
-2725
-2665
-2674
-2605
-2613
-2535
-2543
-2458
-2464
-2372
-2378
-2278
-2283
-2175
-2181
-2067
-2073
-1954
-1956
-1830
-1835
-1701
-1707
-1569
-1572
-1431
-1433
-1286
-1289
-1139
-1140
-988
-988
-833
-832
-674
-674
-514
-514
-353
-351
-190
-188
-26
-24
136
140
298
303
462
466
621
626
781
785
935
942
1087
1095
1239
1243
1384
1390
1523
1531
1659
1665
1789
1796
1913
1921
2031
2040
2142
2149
2245
2254
2342
2353
2430
2441
2511
2520
2584
2593
2649
2656
2701
2711
2748
2758
2785
2795
2813
2822
2830
2840
2840
2848
2837
2848
2828
2838
2811
2818
2781
2789
2742
2751
2696
2703
2640
2647
2574
2582
2501
2508
2420
2425
2333
2336
2233
2239
2130
2133
2017
2021
1898
1902
1773
1776
1642
1645
1506
1509
1365
1366
1220
1221
1070
1071
918
917
762
761
601
602
441
441
278
278
114
113
-49
-51
-212
-214
-374
-377
-537
-539
-696
-699
-852
-856
-1007
-1012
-1158
-1165
-1306
-1312
-1449
-1455
-1587
-1594
-1720
-1727
-1846
-1854
-1968
-1976
-2082
-2091
-2191
-2199
-2290
-2299
-2383
-2392
-2469
-2478
-2545
-2555
-2614
-2623
-2672
-2682
-2724
-2733
-2766
-2775
-2800
-2808
-2823
-2831
-2835
-2845
-2841
-2851
-2836
-2845
-2822
-2832
-2799
-2807
-2766
-2774
-2724
-2731
-2674
-2681
-2612
-2621
-2545
-2551
-2466
-2473
-2381
-2388
-2289
-2294
-2187
-2193
-2080
-2085
-1965
-1969
-1844
-1848
-1717
-1720
-1583
-1585
-1444
-1446
-1302
-1302
-1155
-1155
-1002
-1003
-848
-848
-690
-690
-531
-529
-370
-368
-204
-204
-42
-40
120
124
285
288
447
450
607
612
768
770
922
927
1072
1082
1225
1231
1371
1376
1511
1518
1646
1654
1777
1784
1902
1910
2020
2027
2131
2139
2236
2243
2332
2341
2420
2431
2502
2512
2576
2585
2640
2649
2697
2706
2742
2753
2780
2791
2810
2818
2829
2837
2839
2848
2838
2847
2829
2838
2811
2819
2785
2793
2746
2755
2699
2707
2645
2654
2580
2590
2507
2516
2427
2435
2341
2345
2244
2247
2138
2143
2029
2032
1909
1915
1786
1789
1655
1659
1521
1523
1380
1381
1234
1235
1084
1086
932
932
776
777
618
617
458
456
294
294
132
129
-31
-35
-194
-198
-358
-361
-519
-525
-680
-684
-839
-842
-993
-998
-1143
-1150
-1292
-1298
-1435
-1442
-1574
-1580
-1707
-1714
-1835
-1842
-1957
-1964
-2072
-2080
-2180
-2187
-2281
-2289
-2374
-2384
-2459
-2469
-2537
-2546
-2606
-2615
-2667
-2676
-2718
-2728
-2760
-2770
-2796
-2804
-2818
-2828
-2834
-2843
-2838
-2848
-2835
-2845
-2821
-2831
-2798
-2807
-2767
-2775
-2725
-2733
-2675
-2683
-2616
-2623
-2549
-2556
-2472
-2479
-2388
-2393
-2296
-2302
-2196
-2201
-2089
-2094
-1973
-1978
-1853
-1857
-1727
-1730
-1594
-1597
-1455
-1459
-1313
-1315
-1168
-1168
-1015
-1015
-860
-860
-702
-703
-544
-543
-382
-382
-220
-218
-58
-54
107
110
271
273
432
436
592
597
752
756
910
914
1061
1067
1213
1218
1357
1365
1500
1505
1634
1642
1766
1774
1892
1899
2010
2018
2122
2131
2228
2237
2324
2334
2415
2425
2498
2508
2571
2581
2636
2646
2689
2702
2739
2750
2778
2788
2806
2816
2826
2837
2837
2847
2838
2848
2830
2839
2814
2821
2787
2795
2749
2758
2703
2712
2648
2659
2587
2595
2515
2522
2435
2442
2347
2353
2250
2258
2147
2153
2037
2042
1920
1925
1796
1799
1666
1671
1532
1535
1392
1393
1247
1249
1098
1098
945
947
791
791
631
632
471
471
309
307
147
144
-17
-19
-181
-183
-343
-348
-504
-509
-664
-669
-824
-828
-979
-984
-1130
-1136
-1278
-1285
-1421
-1429
-1561
-1569
-1695
-1703
-1823
-1832
-1946
-1953
-2062
-2070
-2171
-2179
-2272
-2282
-2368
-2376
-2454
-2463
-2531
-2541
-2602
-2612
-2663
-2673
-2716
-2726
