1651 9 80000000 0 2710 9
2785
2795
2804
2812
2812
2820
2812
2820
2800
2810
2782
2790
2753
2761
2714
2723
2668
2677
2613
2620
2548
2557
2477
2483
2394
2402
2305
2314
2210
2216
2107
2113
1997
2000
1879
1884
1755
1760
1626
1629
1492
1494
1352
1354
1206
1209
1059
1059
907
908
752
753
596
596
436
436
276
274
114
112
-47
-51
-209
-212
-370
-373
-529
-534
-688
-693
-845
-849
-997
-1003
-1147
-1153
-1293
-1299
-1434
-1441
-1571
-1579
-1703
-1712
-1827
-1837
-1949
-1958
-2063
-2072
-2167
-2179
-2268
-2277
-2361
-2370
-2444
-2455
-2520
-2531
-2589
-2597
-2647
-2657
-2697
-2708
-2739
-2748
-2770
-2782
-2793
-2804
-2808
-2816
-2812
-2822
-2808
-2816
-2794
-2802
-2769
-2779
-2737
-2745
-2694
-2704
-2645
-2652
-2584
-2593
-2517
-2524
-2441
-2448
-2356
-2363
-2264
-2270
-2164
-2169
-2057
-2062
-1943
-1949
-1823
-1827
-1696
-1701
-1565
-1568
-1427
-1431
-1286
-1289
-1140
-1142
-990
-992
-837
-838
-680
-681
-523
-523
-364
-362
-201
-201
-40
-38
123
124
284
286
443
448
602
607
762
765
914
920
1064
1072
1212
1222
1358
1364
1498
1505
1632
1640
1762
1770
1885
1893
2002
2010
2112
2122
2217
2224
2311
2322
2399
2410
2481
2490
2554
2563
2617
2627
2671
2682
2716
2728
2756
2765
2784
2792
2803
2811
2811
2823
2812
2821
2801
2813
2784
2793
2756
2766
2718
2729
2675
2682
2620
2626
2557
2564
2483
2491
2404
2410
2315
2322
2219
2224
2116
2123
2005
2012
1890
1894
1768
1772
1638
1642
1504
1507
1365
1367
1219
1223
1072
1072
921
923
765
768
612
610
451
450
291
289
130
127
-32
-35
-195
-198
-357
-359
-516
-520
-675
-678
-830
-835
-984
-989
-1134
-1140
-1279
-1286
-1421
-1428
-1559
-1566
-1692
-1699
-1819
-1825
-1939
-1946
-2053
-2061
-2160
-2169
-2261
-2268
-2353
-2362
-2438
-2446
-2514
-2524
-2584
-2592
-2643
-2652
-2694
-2703
-2738
-2746
-2770
-2779
-2794
-2802
-2808
-2817
-2814
-2823
-2809
-2819
-2796
-2804
-2775
-2782
-2743
-2749
-2701
-2708
-2651
-2659
-2592
-2600
-2525
-2533
-2450
-2455
-2366
-2371
-2275
-2280
-2175
-2181
-2068
-2073
-1956
-1960
-1836
-1840
-1710
-1714
-1579
-1581
-1442
-1445
-1301
-1303
-1155
-1156
-1005
-1005
-853
-852
-697
-697
-539
-538
-379
-378
-218
-217
-56
-55
106
109
267
270
428
431
587
592
747
749
899
904
1051
1056
1199
1205
1344
1350
1481
1490
1619
1627
1746
1756
1872
1880
1990
1997
2102
2109
2205
2215
2301
2311
2390
2400
2471
2481
2544
2555
2610
2620
2665
2675
2713
2724
2749
2761
2778
2790
2799
2809
2811
2820
2812
2820
2804
2813
2786
2796
2759
2767
2723
2731
2678
2686
2624
2633
2561
2570
2491
2498
2412
2420
2324
2331
2229
2236
2126
2133
2017
2022
1900
1906
1779
1783
1650
1655
1517
1520
1378
1380
1234
1235
1088
1089
935
936
780
781
625
624
468
466
306
303
144
142
-17
-20
-180
-183
-342
-344
-500
-505
-659
-664
-816
-821
-968
-976
-1120
-1126
-1265
-1273
-1408
-1416
-1546
-1554
-1679
-1686
-1805
-1814
-1927
-1935
-2042
-2050
-2149
-2158
-2250
-2259
-2344
-2353
-2429
-2438
-2505
-2516
-2575
-2585
-2635
-2646
-2687
-2698
-2731
-2741
-2765
-2774
-2790
-2799
-2805
-2815
-2812
-2822
-2809
-2818
-2797
-2805
-2775
-2783
-2743
-2752
-2703
-2712
-2654
-2663
-2598
-2605
-2530
-2538
-2456
-2463
-2374
-2381
-2282
-2290
-2184
-2190
-2078
-2084
-1966
-1971
-1848
-1852
-1722
-1726
-1591
-1595
-1455
-1458
-1312
-1317
-1169
-1171
-1020
-1021
-867
-869
-711
-712
-553
-553
-394
-393
-233
-232
-72
-70
90
94
252
256
412
417
574
577
731
735
884
890
1038
1044
1185
1193
1333
1337
1471
1477
1608
1615
1738
1745
1862
1869
1981
1988
2093
2100
2194
2205
2293
2302
2383
2393
2465
2474
2539
2548
2605
2613
2660
2670
2711
2718
2748
2758
2778
2787
2798
2807
2809
2818
2811
2820
2804
2813
2787
2795
2762
2769
2727
2735
2682
2690
2630
2636
2567
2575
2497
2504
2418
2426
2332
2339
2238
2243
2137
2141
2028
2032
1912
1916
1790
1794
1663
1666
1530
1533
1391
1392
1246
1250
1099
1102
950
950
795
796
640
639
480
480
319
318
158
157
-4
-6
-164
-167
-326
-330
-487
-491
-645
-650
-802
-807
-956
-962
-1106
-1113
-1253
-1260
-1396
-1404
-1534
-1541
-1667
-1675
-1795
-1804
-1917
-1924
-2032
-2041
-2140
-2150
-2241
-2252
-2335
-2345
-2422
-2432
-2501
-2511
-2571
-2580
-2631
-2642
-2684
-2694
-2729
-2738
-2762
-2773
-2788
-2797
-2805
-2814
-2812
-2822
-2810
-2819
-2797
-2807
-2777
-2786
-2746
-2756
-2708
-2716
-2659
-2668
-2603
-2611
-2535
-2544
-2463
-2470
-2381
-2388
-2290
-2297
-2192
-2199
-2087
-2093
-1977
-1981
-1858
-1862
-1731
-1737
-1601
-1607
-1467
-1470
-1326
-1330
-1181
-1183
-1032
-1035
-880
-881
-726
-725
-567
-568
-408
-407
-248
-246
-85
-84
75
79
238
240
399
403
558
563
717
720
871
876
1023
1031
1173
1178
1319
1324
1460
1464
1596
1602
1726
1734
1851
1858
1971
1979
2081
2090
2190
2197
2287
2295
2377
2386
2460
2469
2534
2543
2601
2610
2658
2667
2707
2715
2747
2756
2775
2787
2798
2807
2811
2819
2814
2823
2807
2816
2791
2799
2766
2774
2731
2739
2687
2695
2636
2643
2575
2583
2505
2511
2428
2434
2341
2347
2247
2253
2146
2153
2040
2043
1924
1928
1803
1806
1676
1678
1542
1544
1405
1407
1261
1262
1117
1117
968
965
811
810
655
654
495
495
335
334
176
172
13
11
-149
-153
-312
-315
-470
-475
-630
-635
-786
-792
-940
-946
-1092
-1097
-1239
-1246
-1381
-1389
-1521
-1529
-1655
-1662
-1783
-1792
-1905
-1915
-2021
-2030
-2131
-2138
-2233
-2242
-2327
-2337
-2414
-2425
-2494
-2504
-2564
-2574
-2626
-2637
-2680
-2691
-2724
-2736
-2761
-2770
-2787
-2796
-2805
-2815
-2813
-2822
-2811
-2821
-2800
-2810
-2780
-2790
-2750
-2760
-2713
-2722
-2665
-2674
-2609
-2617
-2544
-2551
-2472
-2478
-2390
-2395
-2300
-2305
-2202
-2208
-2098
-2103
-1987
-1992
-1869
-1874
-1744
-1749
-1615
-1618
-1480
-1483
-1340
-1342
-1195
-1197
-1046
-1048
-894
-895
-738
-739
-582
-582
-423
-422
-263
-260
-101
-99
61
63
224
226
385
387
543
547
700
705
859
862
1009
1016
1159
1166
1305
1311
1448
1453
1582
1589
1712
1721
1840
1847
1959
1966
2071
2079
2177
2186
2276
2285
2368
2377
2449
2460
2525
2536
2595
2603
2651
2662
2700
2711
2741
2752
2775
2785
2797
2806
2808
2819
2813
2823
2807
2817
2793
2800
2769
2776
2734
2744
2691
2701
2639
2649
2581
2589
2512
2520
2434
2442
2351
2357
2258
2264
2158
2163
2048
2054
1935
1939
1815
1819
1689
1691
1556
1558
1418
1420
1275
1277
1130
1130
982
979
827
825
668
669
511
510
351
350
190
189
27
26
-134
-137
-296
-299
-457
-460
-616
-620
-774
-776
-927
-931
-1077
-1083
-1225
-1232
-1369
-1376
-1507
-1514
-1643
-1649
-1770
-1778
-1892
-1901
-2010
-2019
-2120
-2128
-2222
-2231
-2317
-2326
-2406
-2415
-2486
-2494
-2558
-2566
-2620
-2630
-2674
-2685
-2721
-2730
-2756
-2766
-2784
-2792
-2802
-2811
-2811
-2820
-2812
-2820
-2801
-2810
-2783
-2790
-2754
-2762
-2716
-2724
-2671
-2678
-2614
-2622
-2550
-2557
-2477
-2485
-2398
-2404
-2308
-2314
-2213
-2218
-2110
-2115
-1998
-2003
-1881
-1884
-1757
-1761
-1628
-1631
-1494
-1496
-1355
-1355
-1209
-1212
-1061
-1062
-909
-910
-754
-755
-598
-596
-439
-438
-277
-276
-116
-114
45
48
207
210
368
373
528
533
685
691
844
848
997
1002
1144
1151
1291
1299
1434
1440
1571
1576
1702
1708
1828
1834
1946
1955
2059
2069
2166
2176
2267
2275
2357
2369
2442
2452
2518
2527
2587
2596
2645
2655
2695
2705
2736
2747
2770
2779
2792
2802
2806
2816
2811
2821
2805
2816
2792
2802
2769
2778
2737
2745
2695
2703
2644
2652
2584
2593
2516
2524
2441
2448
2357
2363
2264
2272
2164
2171
2059
2063
1945
1950
1826
1829
1699
1701
1566
1570
1431
1432
1288
1290
1140
1143
995
992
839
839
683
683
525
524
366
364
205
201
42
39
-119
-123
-282
-285
-442
-447
-600
-605
-760
-763
-912
-919
-1065
-1071
-1214
-1220
-1357
-1363
-1496
-1504
-1632
-1639
-1759
-1768
-1884
-1892
-2001
-2010
-2111
-2120
-2214
-2224
-2311
-2320
-2399
-2408
-2480
-2490
-2551
-2561
-2615
-2625
-2670
-2681
-2716
-2727
-2754
-2764
-2782
-2793
-2801
-2811
-2811
-2821
-2810
-2820
-2802
-2811
-2784
-2793
-2757
-2765
-2721
-2728
-2675
-2682
-2619
-2628
-2557
-2564
-2485
-2492
-2404
-2412
-2316
-2323
-2220
-2227
-2120
-2124
-2009
-2013
-1892
-1896
-1770
-1774
-1640
-1644
-1506
-1510
-1367
-1369
-1223
-1226
-1076
-1077
-924
-925
-770
-770
-613
-613
-453
-453
-293
-292
-132
-130
30
32
191
195
354
358
513
518
672
677
829
833
982
986
1133
1138
1279
1284
1420
1427
1556
1564
1689
1696
1817
1824
1937
1945
2051
2058
2159
2167
2258
2268
2350
2360
2436
2445
2513
2522
2581
2592
2642
2651
2694
2702
2736
2743
2768
2777
2791
2801
2807
2815
2811
2821
2808
2817
2795
2803
2773
2781
2740
2750
2700
2707
2650
2658
2591
2599
2525
2530
2448
2454
2366
2371
2273
2278
2174
2180
2068
2074
1955
1960
1835
1840
1711
1713
1578
1582
1444
1445
1301
1303
1158
1156
1009
1007
855
854
697
697
540
538
381
379
220
217
56
55
-104
-107
-265
-269
-427
-431
-585
-590
-744
-749
-899
-904
-1050
-1056
-1200
-1205
-1343
-1350
-1483
-1491
-1619
-1626
-1748
-1756
-1873
-1880
-1991
-1998
-2102
-2110
-2205
-2214
-2303
-2312
-2392
-2402
-2473
-2482
-2545
-2555
-2610
-2619
-2667
-2675
-2714
-2723
-2753
-2762
-2780
-2790
-2800
-2810
-2810
-2820
-2812
-2822
-2804
-2813
-2787
-2795
-2759
-2768
-2724
-2732
-2679
-2687
-2625
-2632
-2562
-2570
-2492
-2498
-2412
-2418
-2325
-2331
-2229
-2236
-2128
-2133
-2017
-2023
-1901
-1906
-1779
-1784
-1652
-1654
-1516
-1520
-1378
-1381
-1235
-1237
-1087
-1089
-937
-938
-782
-784
-627
-626
-466
-466
-307
-306
-145
-144
16
19
179
181
340
343
501
503
658
662
816
819
970
973
1119
1122
1267
1272
1408
1415
1546
1552
1678
1686
1806
1813
1928
1934
2041
2049
2150
2159
2250
2259
2344
2352
2429
2439
2507
2516
2576
2586
2639
2647
2689
2699
2732
2742
2767
2775
2792
2801
2807
2816
2814
2822
2811
2820
2799
2807
2777
2784
2745
2752
2706
2714
2657
2664
2598
2606
2532
2538
2458
2464
2374
2381
2282
2290
2186
2191
2080
2085
1967
1972
1848
1852
1724
1726
1592
1596
1456
1459
1315
1317
1171
1171
1021
1021
868
868
714
712
555
554
395
394
235
233
73
71
-91
-92
-250
-254
-411
-416
-571
-576
-728
-733
-882
-888
-1035
-1042
-1183
-1191
-1330
-1336
-1470
-1478
-1605
-1613
-1735
-1743
-1859
-1868
-1979
-1987
-2089
-2099
-2194
-2204
-2293
-2302
-2383
-2391
-2465
-2474
-2539
-2547
-2605
-2613
-2661
-2671
-2708
-2719
-2749
-2759
-2777
-2788
-2799
-2808
-2810
-2820
-2813
-2821
-2807
-2814
-2789
-2797
-2762
-2772
-2728
-2736
-2684
-2692
-2632
-2639
-2570
-2577
-2500
-2506
-2421
-2428
-2335
-2341
-2242
-2247
-2139
-2145
-2030
-2035
-1914
-1919
-1792
-1797
-1666
-1668
-1532
-1534
-1394
-1396
-1250
-1252
-1103
-1104
-953
-953
-799
-798
-642
-641
-484
-482
-323
-321
-161
-159
1
4
163
166
323
327
483
487
643
648
798
803
956
958
1108
1110
1249
1257
1392
1401
1531
1538
1665
1672
1792
1800
1912
1923
2029
2039
2136
2148
2239
2249
2332
2343
2420
2429
2498
2508
2569
2578
2630
2639
2682
2693
2727
2736
2762
2772
2787
2798
2804
2813
2811
2820
2809
2817
2800
2807
2777
2785
2748
2754
2708
2717
2660
2668
2603
2611
2537
2546
2464
2471
2381
2388
2292
2298
2194
2200
2089
2094
1979
1982
1858
1863
1734
1738
1604
1608
1468
1471
1327
1330
1184
1185
1034
1035
883
882
729
726
570
569
411
408
248
247
87
85
-76
-77
-237
-240
-398
-402
-557
-561
-715
-719
-871
-876
-1024
-1028
-1172
-1177
-1318
-1323
-1457
-1465
-1593
-1601
-1725
-1732
-1849
-1858
-1968
-1977
-2080
-2090
-2187
-2195
-2285
-2293
-2376
-2383
-2458
-2465
-2532
-2541
-2599
-2608
-2655
-2665
-2704
-2715
-2745
-2754
-2774
-2785
-2796
-2806
-2808
-2818
-2811
-2820
-2805
-2814
-2788
-2798
-2763
-2774
-2730
-2739
-2687
-2694
-2636
-2643
-2575
-2582
-2505
-2512
-2427
-2435
-2341
-2348
-2249
-2254
-2147
-2153
-2039
-2044
-1924
-1928
-1803
-1808
-1675
-1679
-1544
-1547
-1407
-1408
-1263
-1266
-1117
-1118
-968
-967
-814
-813
-655
-655
-498
-495
-338
-336
-177
-174
-14
-11
146
150
310
313
469
473
628
632
784
790
941
945
1094
1097
1236
1244
1381
1388
1518
1527
1654
1661
1782
1789
1904
1913
2020
2029
2131
2138
2232
2241
2326
2336
2413
2422
2491
2501
2563
2572
2626
2636
2680
2689
2725
2733
2758
2769
2787
2796
2803
2813
2811
2820
2809
2819
2800
2808
2779
2787
2750
2759
2712
2720
2665
2672
2608
2616
2543
2551
2472
2478
2389
2396
2300
2306
2203
2210
2100
2105
1987
1994
1870
1875
1746
1751
1616
1620
1482
1484
1341
1344
1198
1200
1048
1051
898
897
742
742
585
584
426
424
264
263
104
101
-58
-61
-220
-224
-382
-386
-541
-546
-699
-705
-855
-861
-1008
-1014
-1159
-1165
-1304
-1310
-1444
-1451
-1581
-1588
-1713
-1720
-1838
-1846
-1957
-1965
-2071
-2079
-2177
-2186
-2276
-2285
-2366
-2375
-2451
-2460
-2526
-2536
-2592
-2602
-2651
-2661
-2701
-2711
-2741
-2751
-2772
-2782
-2795
-2804
-2808
-2818
-2813
-2821
-2805
-2816
-2790
-2802
-2767
-2776
-2734
-2742
-2691
-2700
-2641
-2650
-2581
-2588
-2511
-2519
-2435
-2442
-2351
-2356
-2256
-2263
-2156
-2163
-2048
-2055
-1935
-1940
-1814
-1819
-1688
-1691
-1556
-1559
-1418
-1421
-1276
-1278
-1129
-1132
-980
-980
-825
-827
-671
-670
-512
-511
-353
-351
-191
-189
-28
-27
133
136
296
298
456
459
614
618
769
775
926
930
1079
1082
1222
1229
1369
1375
1508
1515
1641
1649
1772
1778
1895
1903
2010
2019
2120
2127
2223
2231
2318
2328
2405
2416
2485
2493
2558
2566
2621
2630
2675
2685
2722
2729
2758
2766
2785
2793
2804
2811
2812
2820
2812
2821
2802
2811
2781
2791
2754
2763
2717
2725
2670
2678
2615
2623
2551
2557
2479
2485
2396
2404
2309
2315
2213
2218
2109
2113
1999
2002
1882
1886
1758
1762
1631
1631
1494
1496
1354
1356
1211
1210
1059
1061
908
910
757
756
600
598
439
438
279
277
118
115
-44
-48
-206
-209
-366
-370
-527
-531
-685
-690
-841
-846
-994
-1000
-1143
-1149
-1290
-1296
-1431
-1438
-1568
-1575
-1700
-1708
-1828
-1834
-1946
-1955
-2060
-2069
-2167
-2176
-2266
-2276
-2359
-2368
-2443
-2452
-2519
-2529
-2586
-2597
-2647
-2656
-2696
-2707
-2738
-2748
-2771
-2781
-2794
-2804
-2809
-2817
-2813
-2822
-2808
-2816
-2793
-2803
-2771
-2780
-2737
-2747
-2696
-2705
-2647
-2654
-2586
-2594
-2518
-2526
-2442
-2450
-2358
-2366
-2266
-2273
-2166
-2172
-2059
-2065
-1947
-1952
-1826
-1830
-1699
-1705
-1567
-1573
-1430
-1434
-1289
-1292
-1142
-1146
-994
-995
-839
-840
-684
-685
-526
-526
-366
-366
-204
-204
-43
-42
119
121
280
282
441
444
600
603
757
760
912
917
1064
1068
1212
1217
1356
1361
1495
1501
1630
1637
1759
1765
1882
1890
2001
2008
2110
2118
2214
2222
2311
2317
2397
2407
2477
2487
2551
2560
2617
2624
2671
2679
2718
2726
2754
2764
2783
2791
2801
2811
2813
2821
2814
2822
2804
2812
2786
2795
2758
2767
2722
2730
2677
2684
2622
2628
2559
2565
2487
2493
2407
2413
2318
2325
2224
2229
2120
2125
2011
2015
1893
1898
1772
1775
1643
1646
1507
1511
1369
1370
1224
1227
1076
1077
926
927
771
771
614
614
457
453
295
293
134
131
-29
-32
-191
-194
-351
-357
-513
-516
-670
-675
-827
-831
-980
-985
-1130
-1136
-1276
-1283
-1417
-1425
-1557
-1563
-1688
-1697
-1815
-1823
-1937
-1943
-2049
-2058
-2156
-2166
-2256
-2266
-2348
-2359
-2434
-2445
-2512
-2522
-2580
-2590
-2640
-2650
-2691
-2701
-2733
-2743
-2766
-2777
-2791
-2801
-2805
-2815
-2810
-2821
-2806
-2818
-2795
-2804
-2771
-2781
-2739
-2749
-2700
-2709
-2651
-2658
-2592
-2600
-2524
-2533
-2449
-2457
-2366
-2374
-2274
-2282
-2175
-2182
-2070
-2076
-1955
-1962
-1836
-1841
-1711
-1716
-1580
-1585
-1443
-1446
-1303
-1306
-1158
-1159
-1008
-1009
-855
-855
-700
-700
-541
-542
-382
-380
-219
-220
-59
-58
104
106
265
268
425
429
586
588
743
745
898
901
1048
1053
1198
1202
1339
1349
1481
1489
1617
1623
1747
1754
1871
1878
1988
1996
2100
2108
2203
2212
2302
2309
2388
2398
2470
2480
2546
2554
2609
2617
2664
2674
2712
2721
2751
2760
2779
2788
2800
2809
2810
2819
2812
2819
2804
2811
2787
2794
2761
2769
2723
2732
2679
2687
2625
2633
2565
2570
2491
2499
2412
2421
2325
2332
2232
2237
2129
2134
2018
2025
1905
1909
1781
1786
1653
1657
1519
1522
1382
1384
1238
1238
1092
1093
942
939
786
784
629
628
469
468
309
308
148
146
-14
-18
-174
-180
-339
-342
-498
-503
-657
-662
-812
-817
-968
-971
-1116
-1123
-1264
-1269
-1406
-1414
-1543
-1552
-1677
-1685
-1803
-1812
-1925
-1934
-2040
-2050
-2147
-2157
-2249
-2259
-2343
-2353
-2429
-2438
-2507
-2516
-2574
-2585
-2636
-2646
-2688
-2698
-2730
-2741
-2765
-2775
-2789
-2800
-2805
-2815
-2812
-2821
-2809
-2818
-2797
-2806
-2775
-2784
-2744
-2753
-2705
-2713
-2656
-2663
-2598
-2606
-2532
-2539
-2458
-2465
-2374
-2382
-2284
-2291
-2185
-2193
-2080
-2086
-1968
-1975
-1849
-1855
-1724
-1729
-1593
-1597
-1458
-1461
-1317
-1319
-1171
-1174
-1023
-1025
-871
-871
-715
-715
-556
-557
-396
-397
-235
-235
-75
-73
86
90
248
252
410
413
569
574
726
731
884
886
1035
1040
1184
1189
1329
1334
1469
1474
1606
1611
1736
1742
1859
1867
1978
1986
2091
2097
2195
2202
2291
2300
2382
2390
2466
2473
2539
2548
2605
2613
2661
2669
2709
2718
2748
2757
2778
2786
2799
2808
2811
2819
2811
2821
2804
2814
2787
2797
2762
2770
2728
2736
2684
2692
2631
2638
2569
2576
2499
2505
2420
2426
2333
2340
2239
2245
2139
2143
2029
2035
1914
1918
1793
1796
1662
1668
1532
1535
1393
1395
1251
1252
1104
1105
952
953
800
799
643
642
485
483
323
322
162
160
2
-2
-161
-165
-323
-327
-483
-487
-642
-646
-797
-803
-952
-958
-1102
-1109
-1250
-1257
-1393
-1401
-1532
-1539
-1666
-1672
-1793
-1801
-1915
-1923
-2030
-2038
-2139
-2148
-2241
-2250
-2335
-2345
-2422
-2431
-2499
-2509
-2570
-2580
-2632
-2642
-2684
-2694
-2728
-2737
-2764
-2774
-2787
-2798
-2805
-2815
-2812
-2822
-2811
-2819
-2800
-2809
-2778
-2787
-2749
-2757
-2708
-2719
-2660
-2670
-2606
-2613
-2540
-2548
-2465
-2473
-2383
-2389
-2293
-2300
-2196
-2202
-2090
-2095
-1980
-1984
-1860
-1865
-1735
-1739
-1605
-1608
-1471
-1473
-1331
-1333
-1185
-1186
-1036
-1038
-884
-885
-729
-729
-569
-571
-411
-412
-252
-251
-90
-88
73
75
234
237
394
398
556
559
713
717
868
872
1021
1025
1171
1176
1315
1321
1455
1463
1593
1599
1722
1731
1847
1855
1967
1976
2080
2089
2186
2193
2282
2292
2375
2384
2457
2466
2532
2541
2599
2607
2656
2665
2706
2714
2744
2754
2775
2785
2797
2807
2809
2818
2811
2821
2808
2816
2791
2800
2767
2774
2732
2740
2691
2698
2637
2644
2575
2583
2508
2513
2429
2436
2344
2350
2251
2256
2150
2156
2042
2046
1926
1930
1805
1809
1678
1682
1544
1548
1406
1409
1264
1266
1119
1119
967
967
815
814
659
657
500
498
341
337
179
176
17
13
-145
-149
-307
-312
-468
-472
-626
-631
-783
-789
-939
-943
-1088
-1094
-1235
-1242
-1378
-1387
-1517
-1525
-1652
-1659
-1779
-1788
-1903
-1912
-2018
-2027
-2127
-2136
-2232
-2240
-2325
-2335
-2412
-2422
-2491
-2501
-2563
-2572
-2625
-2634
-2678
-2688
-2722
-2734
-2759
-2770
-2786
-2796
-2801
-2814
-2812
-2822
-2811
-2821
-2799
-2809
-2779
-2789
-2752
-2761
-2713
-2722
-2665
-2674
-2610
-2618
-2545
-2554
-2472
-2479
-2390
-2398
-2302
-2309
-2205
-2211
-2100
-2107
-1989
-1994
-1872
-1877
-1747
-1753
-1617
-1622
-1483
-1487
-1343
-1346
-1199
-1201
-1049
-1052
-898
-899
-744
-744
-586
-585
-425
-426
-265
-265
-103
-103
60
59
222
223
382
384
542
544
700
703
854
859
1007
1013
1157
1164
1302
1310
1443
1450
1581
1587
1712
1718
1836
1844
1957
1964
2069
2078
2175
2184
2274
2283
2365
2375
2450
2458
2525
2533
2593
2602
2652
2660
2700
2710
2741
2749
2773
2781
2795
2803
2809
2817
2811
2821
2809
2815
2792
2800
2768
2776
2735
2743
2694
2700
2641
2650
2582
2589
2513
2520
2436
2443
2351
2358
2259
2264
2159
2165
2052
2057
1936
1942
1816
1820
1690
1694
1560
1561
1421
1422
1279
1280
1131
1134
982
983
827
829
673
672
514
513
356
352
194
191
32
29
-130
-134
-293
-296
-453
-457
-612
-616
-769
-773
-923
-929
-1074
-1081
-1223
-1229
-1367
-1374
-1505
-1513
-1639
-1648
-1769
-1777
-1891
-1900
-2007
-2016
-2119
-2126
-2221
-2230
-2316
-2327
-2403
-2414
-2483
-2494
-2555
-2565
-2618
-2629
-2673
-2683
-2718
-2730
-2755
-2765
-2782
-2793
-2801
-2811
-2810
-2820
-2810
-2819
-2800
-2809
-2781
-2792
-2753
-2763
-2716
-2725
-2670
-2677
-2615
-2624
-2551
-2559
-2480
-2486
-2399
-2406
-2310
-2316
-2213
-2219
-2109
-2115
-2001
-2005
-1883
-1888
-1762
-1764
-1632
-1634
-1497
-1499
-1356
-1359
-1213
-1214
-1064
-1067
-912
-914
-758
-759
-601
-602
-441
-441
-281
-281
-120
-118
43
44
203
207
366
368
525
529
683
687
839
844
992
997
1141
1147
1289
1294
1431
1437
1567
1573
1699
1706
1826
1832
1946
1953
2058
2067
2165
2173
2266
2274
2358
2365
2441
2450
2518
2527
2586
2594
2645
2653
2696
2704
2737
2747
2769
2778
2794
2803
2807
2816
2812
2820
2807
2816
2792
2802
2769
2777
2736
2745
2696
2704
2645
2653
2586
2593
2519
2525
2443
2448
2357
2364
2268
2271
2167
2173
2059
2065
1946
1951
1827
1831
1701
1705
1568
1572
1433
1435
1290
1293
1144
1144
995
994
842
841
686
685
528
527
368
366
207
206
45
42
-117
-120
-277
-282
-438
-443
-598
-603
-756
-760
-910
-915
-1062
-1068
-1210
-1216
-1354
-1361
-1494
-1500
-1629
-1636
-1759
-1767
-1882
-1889
-1999
-2008
-2109
-2118
-2212
-2222
-2309
-2317
-2397
-2406
-2481
-2489
-2552
-2560
-2615
-2625
-2670
-2680
-2717
-2726
-2754
-2764
-2781
-2792
-2802
-2812
-2812
-2821
-2812
-2821
-2803
-2813
-2784
-2794
-2758
-2766
-2720
-2729
-2676
-2684
-2621
-2629
-2557
-2566
-2486
-2494
-2407
-2413
-2318
-2324
-2222
-2229
-2120
-2125
-2011
-2016
-1894
-1898
-1771
-1775
-1642
-1646
-1509
-1511
-1370
-1372
-1226
-1227
-1078
-1080
-926
-928
-771
-773
-617
-616
-456
-456
-295
-295
-134
-133
28
29
188
192
351
353
510
514
668
673
825
829
977
984
1127
1134
1274
1282
1416
1422
1554
1562
1687
1694
1813
1820
1934
1944
2049
2058
2155
2164
2256
2265
2350
2358
2434
2444
2513
2522
2581
2590
2641
2650
2691
2701
2736
2744
2768
2778
2791
2802
2807
2817
2812
2822
2808
2818
2795
2804
2774
2784
2744
2751
2702
2709
2652
2660
2594
2602
2527
2535
2451
2457
2366
2374
2276
2282
2179
2184
2071
2077
1959
1964
1839
1844
1714
1719
1584
1585
1445
1449
1303
1307
1160
1161
1010
1011
857
858
701
701
544
542
384
383
223
222
61
59
-101
-104
-262
-266
-422
-427
-583
-587
-738
-745
-894
-899
-1046
-1052
-1195
-1202
-1340
-1346
-1479
-1487
-1615
-1623
-1743
-1753
-1869
-1877
-1986
-1996
-2099
-2108
-2203
-2211
-2300
-2309
-2389
-2399
-2470
-2480
-2543
-2553
-2608
-2617
-2665
-2675
-2711
-2722
-2749
-2760
-2779
-2790
-2799
-2810
-2809
-2821
-2812
-2822
-2804
-2814
-2787
-2797
-2759
-2769
-2725
-2734
-2681
-2689
-2627
-2633
-2565
-2572
-2494
-2502
-2416
-2421
-2327
-2334
-2232
-2238
-2130
-2136
-2021
-2027
-1906
-1910
-1783
-1787
-1656
-1658
-1521
-1524
-1382
-1385
-1239
-1241
-1092
-1093
-940
-942
-786
-786
-631
-630
-472
-471
-310
-309
-150
-148
14
16
176
177
337
339
498
499
655
659
813
816
965
969
1114
1118
1261
1267
1405
1410
1543
1549
1675
1682
1802
1809
1926
1931
2037
2045
2148
2154
2249
2256
2342
2350
2427
2436
2506
2513
2575
2583
2635
2645
2687
2697
2732
2740
2766
2774
2789
2799
2806
2815
2813
2822
2810
2819
2798
2807
2776
2785
2745
2753
2706
2713
2658
2665
2600
2607
2533
2541
2459
2466
2377
2383
2285
2292
2187
2193
2081
2088
1969
1975
1851
1855
1724
1730
1596
1598
1460
1462
1317
1320
1174
1173
1026
1023
871
872
714
715
559
557
400
397
238
236
76
73
-87
-88
-246
-249
-408
-413
-567
-573
-727
-731
-880
-886
-1033
-1039
-1183
-1188
-1327
-1333
-1468
-1474
-1604
-1611
-1734
-1741
-1858
-1865
-1976
-1985
-2089
-2097
-2192
-2202
-2291
-2299
-2382
-2390
-2463
-2472
-2537
-2546
-2602
-2613
-2659
-2668
-2706
-2717
-2746
-2757
-2777
-2786
-2797
-2807
-2809
-2819
-2812
-2822
-2803
-2814
-2788
-2798
-2763
-2771
-2727
-2737
-2684
-2694
-2632
-2640
-2571
-2578
-2500
-2507
-2421
-2429
-2337
-2343
-2243
-2248
-2140
-2146
-2031
-2037
-1916
-1921
-1795
-1798
-1667
-1671
-1534
-1537
-1396
-1399
-1253
-1255
-1107
-1108
-955
-956
-802
-803
-645
-646
-485
-485
-325
-325
-165
-163
-3
-1
159
161
319
323
481
485
639
644
797
800
951
954
1102
1106
1249
1255
1388
1397
1529
1536
1661
1669
1789
1797
1911
1920
2028
2035
2137
2144
2237
2248
2331
2341
2418
2427
2499
2506
2568
2576
2630
2638
2683
2691
2727
2736
2762
2772
2788
2797
2804
2813
2812
2820
2810
2817
2797
2807
2778
2785
2748
2756
2710
2715
2660
2668
2606
2611
2538
2545
2465
2470
2383
2389
2294
2300
2195
2201
2091
2096
1981
1984
1862
1864
1737
1740
1605
1610
1472
1475
1330
1332
1187
1188
1037
1040
886
885
730
730
573
572
413
413
253
251
91
88
-72
-74
-233
-235
-393
-398
-554
-558
-711
-716
-867
-872
-1020
-1025
-1168
-1174
-1313
-1321
-1455
-1461
-1591
-1597
-1723
-1729
-1847
-1855
-1967
-1974
-2079
-2087
-2185
-2193
-2283
-2293
-2372
-2383
-2456
-2466
-2530
-2540
-2596
-2606
-2654
-2664
-2703
-2713
-2745
-2753
-2774
-2785
-2796
-2805
-2807
-2817
-2812
-2821
-2805
-2814
-2789
-2798
-2764
-2774
-2731
-2740
-2687
-2697
-2635
-2643
-2575
-2583
-2506
-2514
-2428
-2434
-2343
-2349
-2248
-2255
-2148
-2154
-2041
-2045
-1925
-1930
-1806
-1810
-1676
-1682
-1544
-1548
-1406
-1410
-1265
-1268
-1119
-1120
-968
-969
-815
-815
-660
-658
-499
-499
-340
-340
-179
-178
-17
-14
146
148
307
309
467
470
628
630
782
786
939
942
1091
1094
1234
1242
1379
1385
1517
1524
1651
1659
1780
1788
1901
1911
2018
2027
2127
2136
2228
2239
2323
2334
2411
2423
2491
2500
2562
2572
2626
2634
2680
2689
2724
2734
2760
2769
2786
2796
2804
2813
2810
2821
2811
2821
2801
2810
2781
2791
2752
2760
2713
2722
2667
2675
2610
2618
2545
2553
2472
2480
2392
2398
2303
2307
2207
2211
2103
2107
1990
1996
1872
1876
1748
1752
1618
1622
1483
1487
1344
1347
1199
1201
1049
1052
898
899
745
744
586
588
428
427
267
266
107
102
-56
-59
-217
-221
-379
-383
-539
-543
-697
-702
-853
-858
-1005
-1011
-1155
-1160
-1301
-1307
-1441
-1449
-1578
-1586
-1711
-1717
-1836
-1843
-1955
-1963
-2068
-2077
-2175
-2183
-2274
-2282
-2365
-2375
-2449
-2457
-2525
-2534
-2593
-2601
-2650
-2660
-2700
-2709
-2742
-2751
-2773
-2782
-2796
-2804
-2810
-2818
-2813
-2823
-2807
-2818
-2793
-2802
-2769
-2778
-2735
-2744
-2693
-2702
-2642
-2650
-2583
-2590
-2514
-2521
-2437
-2443
-2352
-2359
-2260
-2266
-2159
-2165
-2052
-2056
-1938
-1944
-1818
-1822
-1690
-1694
-1559
-1561
-1423
-1424
-1279
-1282
-1134
-1134
-984
-984
-831
-830
-673
-674
-514
-514
-355
-353
-194
-191
-31
-30
130
133
291
294
451
456
612
615
768
772
920
928
1074
1081
1221
1229
1365
1371
1506
1511
1639
1646
1767
1775
1889
1899
2008
2017
2118
2125
2220
2230
2316
2326
2404
2414
2484
2494
2556
2566
2621
2628
2676
2683
2719
2730
2758
2766
2785
2794
2804
2811
2812
2821
2811
2820
2803
2810
2783
2792
2756
2762
2718
2726
2672
2679
2617
2623
2553
2559
2481
2486
2402
2407
2312
2318
2216
2222
2112
2117
2002
2007
1886
1890
1761
1766
1633
1636
1499
1499
1359
1361
1214
1216
1066
1067
914
915
760
759
604
603
444
443
284
281
121
119
-40
-43
-201
-206
-363
-366
-523
-527
-681
-686
-837
-843
-990
-996
-1140
-1146
-1286
-1292
-1427
-1435
-1564
-1572
-1696
-1704
-1823
-1831
-1942
-1951
-2057
-2065
-2164
-2172
-2262
-2272
-2354
-2364
-2439
-2449
-2516
-2526
-2583
-2595
-2644
-2654
-2693
-2704
-2736
-2746
-2768
-2779
-2791
-2802
-2807
-2816
-2811
-2821
-2806
-2816
-2792
-2803
-2770
-2779
-2739
-2747
-2697
-2706
-2646
-2655
-2588
-2596
-2519
-2528
-2444
-2452
-2361
-2367
-2269
-2275
-2170
-2175
-2062
-2068
-1949
-1954
-1828
-1834
-1703
-1707
-1573
-1575
-1434
-1438
-1293
-1295
-1147
-1150
-999
-1000
-844
-845
-688
-688
-530
-530
-371
-370
-210
-209
-46
-46
115
116
276
278
437
440
596
600
754
757
910
912
1056
1064
1208
1212
1351
1358
1493
1498
1627
1634
1757
1764
1880
1886
1997
2004
2108
2117
2210
2221
2308
2317
2396
2404
2477
2485
2550
2558
2613
2622
2668
2679
2716
2724
2753
2762
2782
2790
2800
2809
2809
2819
2811
2821
2803
2810
2785
2792
2757
2766
2722
2728
2677
2683
2622
2627
2557
2565
2486
2494
2409
2414
2321
2325
2224
2230
2123
2127
2013
2018
1896
1900
1773
1777
1644
1648
1510
1514
1372
1373
1228
1229
1082
1082
931
929
774
774
617
616
458
458
298
296
136
133
-26
-29
-189
-191
-348
-352
-510
-512
-668
-673
-823
-829
-978
-983
-1128
-1135
-1274
-1281
-1417
-1424
-1553
-1561
-1684
-1694
-1812
-1821
-1933
-1941
-2047
-2056
-2155
-2164
-2255
-2265
-2347
-2358
-2433
-2443
-2510
-2520
-2579
-2589
-2639
-2650
-2691
-2701
-2734
-2743
-2767
-2776
-2791
-2800
-2806
-2815
-2813
-2821
-2808
-2817
-2795
-2803
-2772
-2782
-2741
-2749
-2701
-2708
-2652
-2660
-2594
-2600
-2526
-2533
-2451
-2458
-2367
-2375
-2277
-2283
-2178
-2183
-2073
-2077
-1959
-1964
-1839
-1844
-1715
-1719
-1584
-1587
-1448
-1449
-1306
-1307
-1161
-1162
-1011
-1013
-859
-859
-702
-703
-545
-545
-385
-384
-224
-222
-62
-61
100
102
262
265
421
426
581
585
738
744
893
898
1046
1051
1196
1200
1338
1344
1479
1486
1614
1622
1743
1751
1866
1875
1986
1994
2097
2106
2202
2211
2300
2308
2388
2397
2470
2479
2543
2552
2605
2617
2663
2674
2710
2721
2749
2761
2778
2789
2799
2809
2810
2821
2810
2822
2804
2813
2785
2796
2759
2770
2725
2733
2679
2688
2626
2633
2564
2572
2493
2501
2415
2420
2325
2333
2233
2238
2131
2136
2021
2027
1905
1911
1783
1788
1655
1659
1521
1525
1382
1386
1241
1241
1092
1094
940
943
788
788
630
630
472
471
312
311
151
149
-11
-14
-172
-176
-334
-338
-494
-498
-653
-657
-809
-815
-963
-968
-1115
-1120
-1260
-1268
-1403
-1411
-1543
-1549
-1675
-1681
-1803
-1810
-1923
-1932
-2038
-2047
-2145
-2155
-2247
-2257
-2342
-2350
-2427
-2436
-2506
-2513
-2574
-2585
-2634
-2645
-2688
-2697
-2730
-2740
-2766
-2775
-2790
-2800
-2806
-2815
-2812
-2821
-2809
-2820
-2799
-2807
-2776
-2786
-2745
-2754
-2706
-2714
557
558
400
397
237
236
76
74
-86
-89
-247
-250
-409
-412
-568
-572
-726
-730
-881
-886
-1034
-1039
-1181
-1188
-1327
-1333
-1467
-1475
-1603
-1610
-1732
-1741
-1856
-1866
-1977
-1985
-2089
-2097
-2192
-2201
-2291
-2301
-2381
-2392
-2462
-2473
-2536
-2548
-2603
-2613
-2660
-2670
-2709
-2719
-2750
-2758
-2778
-2788
-2800
-2809
-2810
-2821
-2814
-2824
-2806
-2816
-2789
-2800
-2765
-2773
-2729
-2739
-2685
-2694
-2632
-2641
-2572
-2579
-2501
-2508
-2423
-2431
-2336
-2343
-2243
-2249
-2143
-2148
-2033
-2038
-1917
-1923
-1796
-1800
-1668
-1671
-1535
-1538
-1397
-1399
-1255
-1255
-1107
-1108
-956
-957
-802
-803
-645
-646
-488
-487
-326
-327
-166
-164
-4
-2
159
161
320
322
481
483
638
643
793
800
952
954
1104
1106
1247
1253
1390
1397
1529
1535
1663
1670
1789
1797
1911
1919
2027
2035
2135
2144
2237
2247
2332
2341
2417
2428
2497
2506
2566
2577
2630
2639
2681
2693
2726
2736
2763
2771
2788
2798
2805
2814
2811
2821
2811
2819
2799
2808
2780
2787
2749
2757
2709
2719
2662
2671
2604
2614
2540
2548
2467
2474
2385
2392
2294
2301
2198
2203
2095
2099
1981
1987
1863
1867
1739
1741
1609
1612
1473
1476
1331
1335
1188
1189
1038
1039
886
887
731
732
574
573
414
412
253
252
92
90
-70
-72
-231
-235
-393
-395
-552
-556
-711
-714
-866
-870
-1018
-1023
-1168
-1173
-1313
-1318
-1454
-1460
-1588
-1597
-1719
-1728
-1846
-1853
-1965
-1972
-2076
-2085
-2183
-2192
-2282
-2290
-2371
-2381
-2455
-2464
-2530
-2539
-2596
-2606
-2654
-2663
-2703
-2713
-2743
-2752
-2774
-2783
-2796
-2804
-2808
-2818
-2812
-2821
-2805
-2815
-2789
-2798
-2765
-2774
-2732
-2740
-2687
-2697
-2638
-2644
-2577
-2584
-2507
-2513
-2429
-2436
-2344
-2351
-2251
-2257
-2150
-2156
-2044
-2048
-1927
-1932
-1806
-1810
-1680
-1683
-1547
-1549
-1410
-1412
-1266
-1269
-1120
-1121
-971
-971
-816
-817
-661
-660
-501
-501
-342
-341
-180
-178
-19
-16
144
146
305
308
465
469
625
629
781
786
935
942
1086
1093
1232
1240
1377
1383
1516
1523
1649
1657
1777
1787
1900
1909
2015
2025
2125
2135
2227
2236
2323
2332
2410
2421
2489
2499
2561
2570
2623
2634
2678
2687
2721
2731
2758
2768
2786
2796
2803
2812
2811
2819
2808
2820
2799
2809
2780
2788
2751
2760
2713
2722
2666
2674
2609
2617
2546
2554
2472
2481
2392
2399
2301
2309
2206
2213
2101
2107
1991
1995
1873
1878
1749
1753
1619
1623
1483
1488
1344
1348
1200
1203
1050
1053
898
902
747
746
588
588
428
428
268
267
107
105
-57
-58
-218
-219
-378
-382
-538
-542
-696
-701
-853
-856
-1005
-1009
-1155
-1160
-1301
-1306
-1442
-1447
-1580
-1585
-1709
-1717
-1836
-1843
-1954
-1963
-2068
-2076
-2174
-2183
-2273
-2282
-2363
-2374
-2449
-2458
-2526
-2533
-2592
-2601
-2650
-2659
-2700
-2710
-2741
-2750
-2772
-2782
-2794
-2805
-2809
-2818
-2812
-2821
-2807
-2815
-2792
-2801
-2768
-2778
-2736
-2743
-2693
-2701
-2643
-2650
-2583
-2589
-2515
-2521
-2438
-2444
-2353
-2359
-2261
-2266
-2161
-2166
-2054
-2057
-1939
-1943
-1818
-1821
-1693
-1695
-1561
-1564
-1422
-1426
-1281
-1283
-1134
-1136
-983
-987
-831
-831
-676
-675
-518
-517
-357
-356
-195
-194
-34
-31
128
130
290
291
451
453
609
612
767
771
922
926
1074
1077
1217
1225
1365
1371
1503
1510
1637
1644
1767
1774
1890
1897
2006
2015
2117
2124
2219
2228
2314
2324
2405
2412
2483
2491
2556
2565
2619
2628
2673
2682
2719
2728
2756
2765
2783
2792
2802
2811
2810
2820
2811
2819
2801
2810
2781
2790
2755
2762
2717
2725
2671
2678
2615
2623
2553
2559
2479
2487
2397
2405
2311
2317
2214
2220
2111
2116
2002
2005
1884
1889
1760
1764
1631
1635
1496
1499
1357
1359
1213
1215
1064
1068
915
915
761
760
603
602
445
442
283
281
122
119
-40
-43
-202
-205
-363
-366
-524
-527
-682
-686
-837
-842
-990
-996
-1140
-1146
-1286
-1293
-1428
-1435
-1565
-1573
-1698
-1705
-1823
-1831
-1945
-1951
-2058
-2067
-2165
-2173
-2265
-2273
-2356
-2367
-2440
-2451
-2517
-2527
-2585
-2596
-2645
-2656
-2696
-2706
-2738
-2747
-2770
-2780
-2794
-2804
-2808
-2817
-2812
-2823
-2808
-2818
-2796
-2803
-2773
-2780
-2738
-2748
-2698
-2707
-2648
-2656
-2588
-2596
-2521
-2528
-2444
-2451
-2361
-2368
-2269
-2277
-2171
-2176
-2064
-2069
-1950
-1954
-1830
-1834
-1703
-1708
-1572
-1576
-1435
-1438
-1293
-1296
-1148
-1150
-998
-1000
-845
-845
-690
-689
-531
-531
-372
-370
-211
-208
-49
-46
113
116
275
278
435
439
593
599
753
757
907
911
1061
1066
1204
1212
1352
1357
1491
1498
1625
1634
1756
1762
1877
1886
1994
2003
2106
2114
2210
2220
2307
2316
2396
2405
2475
2486
2551
2558
2613
2623
2669
2678
2715
2725
2753
2764
2782
2792
2801
2811
2811
2820
2812
2821
2804
2813
2785
2795
2758
2768
2721
2729
2677
2685
2623
2630
2560
2568
2488
2495
2409
2414
2321
2327
2226
2231
2123
2127
2013
2017
1897
1901
1775
1777
1645
1648
1510
1513
1373
1374
1230
1230
1078
1081
927
930
775
773
618
617
459
458
298
296
136
135
-26
-28
-187
-190
-348
-352
-509
-513
-666
-671
-823
-828
-977
-981
-1126
-1132
-1273
-1279
-1415
-1421
-1553
-1561
-1685
-1692
-1812
-1819
-1933
-1941
-2046
-2056
-2154
-2163
-2255
-2265
-2348
-2357
-2433
-2442
-2510
-2519
-2579
-2588
-2639
-2649
-2690
-2700
-2733
-2742
-2767
-2776
-2792
-2801
-2806
-2816
-2812
-2821
-2808
-2818
-2796
-2805
-2774
-2782
-2742
-2751
-2703
-2710
-2654
-2661
-2594
-2602
-2528
-2534
-2453
-2459
-2370
-2376
-2278
-2284
-2179
-2185
-2074
-2078
-1960
-1965
-1841
-1845
-1716
-1720
-1586
-1588
-1449
-1450
-1308
-1310
-1163
-1163
-1012
-1013
-860
-860
-704
-703
-546
-545
-386
-385
-225
-224
-64
-62
100
101
260
264
421
424
579
585
737
743
892
898
1045
1051
1192
1201
1338
1345
1478
1486
1612
1621
1743
1752
1867
1876
1987
1994
2096
2106
2201
2210
2296
2308
2386
2397
2469
2479
2542
2553
2608
2618
2664
2673
2711
2722
2749
2760
2779
2789
2800
2808
2809
2819
2812
2822
2804
2813
2785
2797
2762
2769
2724
2734
2681
2690
2627
2635
2566
2574
2496
2502
2415
2423
2331
2337
2235
2241
2133
2138
2023
2029
1908
1913
1787
1790
1657
1661
1526
1528
1385
1388
1241
1243
1094
1096
943
944
790
789
634
633
475
473
314
313
152
150
-10
-12
-171
-173
-332
-336
-494
-496
-652
-656
-807
-813
-963
-968
-1114
-1118
-1260
-1265
-1402
-1408
-1540
-1547
-1673
-1680
-1801
-1808
-1921
-1929
-2038
-2045
-2146
-2153
-2246
-2255
-2341
-2349
-2426
-2435
-2504
-2513
-2573
-2582
-2634
-2644
-2687
-2696
-2729
-2739
-2764
-2773
-2790
-2799
-2805
-2814
-2812
-2821
-2809
-2819
-2798
-2805
-2775
-2784
-2745
-2753
-2704
-2714
-2657
-2665
-2598
-2608
-2533
-2541
-2458
-2467
-2377
-2383
-2286
-2292
-2188
-2194
-2083
-2088
-1970
-1975
-1853
-1856
-1727
-1731
-1597
-1600
-1460
-1464
-1319
-1322
-1176
-1177
-1025
-1027
-873
-874
-718
-718
-560
-559
-401
-399
-240
-238
-79
-76
84
87
246
249
407
410
566
570
724
729
877
884
1031
1036
1179
1184
1326
1332
1466
1472
1602
1608
1733
1740
1858
1864
1974
1982
2086
2095
2192
2199
2290
2298
2380
2389
2462
2471
2536
2545
2603
2611
2659
2667
2709
2716
2746
2754
2776
2785
2799
2807
2808
2818
2811
2819
2804
2813
2788
2797
2762
2771
2727
2735
2684
2691
2631
2639
2569
2577
2500
2506
2423
2428
2336
2342
2241
2246
2139
2145
2032
2037
1916
1921
1795
1799
1668
1672
1535
1537
1397
1399
1253
1255
1106
1109
957
958
802
803
648
646
487
486
327
325
167
164
4
2
-157
-161
-319
-323
-479
-484
-638
-642
-796
-801
-948
-955
-1098
-1106
-1245
-1253
-1389
-1396
-1529
-1537
-1663
-1669
-1790
-1799
-1912
-1921
-2027
-2038
-2138
-2146
-2238
-2247
-2332
-2343
-2419
-2429
-2497
-2508
-2569
-2580
-2631
-2642
-2682
-2694
-2728
-2737
-2763
-2773
-2788
-2799
-2806
-2815
-2813
-2822
-2812
-2821
-2800
-2809
-2779
-2789
-2750
-2758
-2710
-2720
-2663
-2671
-2606
-2614
-2541
-2550
-2467
-2475
-2385
-2393
-2295
-2302
-2198
-2204
-2094
-2099
-1982
-1987
-1865
-1869
-1739
-1744
-1610
-1614
-1474
-1478
-1334
-1337
-1190
-1191
-1041
-1042
-888
-889
-733
-733
-575
-576
-416
-415
-257
-255
-94
-93
67
70
228
233
391
394
550
553
707
713
863
868
1014
1021
1164
1171
1311
1316
1451
1459
1587
1596
1719
1727
1844
1852
1964
1971
2077
2084
2183
2191
2280
2289
2372
2381
2455
2465
2530
2539
2596
2605
2654
2664
2704
2714
2743
2754
2775
2784
2798
2806
2810
2819
2812
2821
2806
2816
2791
2800
2766
2775
2733
2739
2691
2697
2637
2645
2577
2585
2510
2516
2430
2437
2345
2351
2251
2257
2150
2156
2043
2048
1929
1933
1808
1812
1681
1684
1547
1550
1410
1412
1268
1270
1120
1123
970
973
817
818
662
661
503
502
342
341
182
181
20
18
-142
-145
-305
-307
-464
-468
-623
-627
-780
-785
-935
-938
-1085
-1090
-1233
-1238
-1375
-1383
-1515
-1521
-1649
-1655
-1777
-1784
-1900
-1906
-2016
-2023
-2125
-2133
-2229
-2235
-2324
-2332
-2409
-2418
-2488
-2498
-2560
-2571
-2622
-2633
-2677
-2687
-2722
-2732
-2758
-2769
-2784
-2794
-2803
-2813
-2810
-2821
-2812
-2819
-2799
-2809
-2781
-2790
-2752
-2761
-2714
-2722
-2667
-2675
-2612
-2619
-2548
-2554
-2473
-2481
-2393
-2400
-2303
-2310
-2208
-2214
-2104
-2108
-1992
-1998
-1876
-1879
-1751
-1754
-1620
-1624
-1487
-1488
-1347
-1348
-1203
-1203
-1053
-1053
-902
-902
-747
-747
-590
-589
-430
-429
-270
-268
-108
-106
55
57
216
220
377
380
537
541
695
699
850
855
1003
1009
1152
1158
1297
1304
1440
1447
1577
1584
1709
1716
1834
1842
1955
1962
2066
2074
2173
2181
2273
2281
2364
2372
2446
2457
2522
2532
2591
2600
2650
2659
2700
2709
2740
2749
2772
2781
2795
2805
2810
2818
2812
2821
2807
2816
2794
2802
2768
2778
2737
2745
2694
2703
2643
2651
2583
2590
2515
2523
2440
2446
2355
2361
2262
2268
2162
2167
2055
2060
1942
1945
1821
1824
1694
1696
1561
1564
1424
1426
1285
1284
1136
1138
986
987
832
833
678
677
519
517
359
358
197
196
36
33
-126
-130
-287
-291
-448
-452
-607
-612
-764
-770
-919
-925
-1070
-1077
-1218
-1225
-1363
-1370
-1502
-1509
-1637
-1644
-1764
-1773
-1888
-1896
-2004
-2013
-2114
-2125
-2218
-2227
-2314
-2323
-2401
-2411
-2484
-2491
-2555
-2564
-2617
-2627
-2672
-2683
-2717
-2728
-2756
-2764
-2782
-2791
-2801
-2811
-2810
-2820
-2810
-2818
-2801
-2810
-2783
-2791
-2755
-2763
-2717
-2726
-2671
-2679
-2616
-2624
-2552
-2560
-2480
-2488
-2401
-2409
-2312
-2319
-2217
-2223
-2113
-2119
-2003
-2009
-1887
-1892
-1763
-1767
-1633
-1638
-1499
-1503
-1360
-1363
-1214
-1218
-1068
-1071
-916
-918
-763
-762
-605
-605
-445
-445
-285
-283
-123
-122
39
41
201
203
362
365
522
526
678
683
837
840
986
993
1138
1144
1287
1290
1427
1434
1564
1571
1696
1702
1823
1829
1944
1950
2058
2065
2163
2172
2264
2272
2356
2364
2439
2449
2515
2526
2583
2594
2643
2653
2693
2704
2737
2746
2770
2779
2792
2802
2805
2815
2812
2821
2807
2817
2794
2803
2771
2779
2738
2746
2698
2706
2646
2655
2588
2595
2521
2528
2445
2451
2361
2367
2268
2275
2170
2175
2063
2068
1950
1955
1829
1834
1705
1707
1573
1575
1437
1439
1297
1297
1148
1150
1004
999
847
847
690
690
534
531
373
371
211
210
49
47
-112
-116
-273
-278
-433
-439
-594
-598
-751
-755
-905
-911
-1057
-1063
-1206
-1212
-1351
-1358
-1491
-1498
-1624
-1632
-1754
-1762
-1879
-1886
-1995
-2004
-2106
-2115
-2210
-2219
-2306
-2315
-2396
-2405
-2475
-2487
-2548
-2559
-2611
-2623
-2669
-2678
-2715
-2724
-2753
-2763
-2781
-2791
-2800
-2811
-2810
-2821
-2811
-2821
-2802
-2812
-2785
-2794
-2759
-2766
-2722
-2729
-2678
-2685
-2623
-2631
-2558
-2566
-2488
-2495
-2409
-2416
-2322
-2328
-2225
-2231
-2122
-2129
-2013
-2018
-1897
-1901
-1774
-1778
-1647
-1650
-1513
-1515
-1372
-1375
-1230
-1232
-1083
-1083
-930
-931
-776
-776
-620
-620
-460
-461
-300
-299
-139
-137
22
26
186
187
347
350
506
510
665
669
823
826
975
981
1125
1132
1272
1279
1414
1420
1551
1560
1685
1692
1811
1819
1933
1941
2047
2054
2155
2162
2256
2264
2349
2357
2434
2442
2511
2520
2580
2588
2639
2649
2692
2701
2733
2744
2768
2777
2792
2801
2806
2816
2814
2821
2809
2818
2797
2805
2775
2783
2745
2752
2704
2712
2653
2662
2594
2603
2529
2536
2453
2460
2371
2376
2278
2284
2180
2186
2074
2078
1960
1966
1841
1846
1715
1720
1586
1589
1449
1452
1308
1311
1164
1165
1014
1015
863
861
705
705
548
547
388
386
227
225
65
63
-97
-100
-258
-261
-418
-423
-578
-583
-736
-740
-890
-895
-1043
-1048
-1191
-1198
-1337
-1343
-1476
-1484
-1612
-1619
-1743
-1750
-1866
-1874
-1985
-1993
-2095
-2104
-2200
-2208
-2298
-2305
-2386
-2397
-2468
-2479
-2541
-2553
-2607
-2617
-2663
-2674
-2710
-2721
-2750
-2759
-2779
-2790
-2800
-2809
-2811
-2821
-2812
-2821
-2805
-2814
-2789
-2798
-2761
-2770
-2727
-2734
-2682
-2690
-2627
-2635
-2566
-2574
-2496
-2503
-2418
-2423
-2332
-2336
-2236
-2241
-2133
-2139
-2024
-2029
-1909
-1912
-1786
-1790
-1658
-1661
-1524
-1528
-1385
-1387
-1245
-1244
-1096
-1097
-943
-945
-790
-792
-635
-634
-475
-474
-315
-313
-153
-151
9
10
172
174
331
336
492
496
649
655
807
812
962
966
1109
1117
1258
1264
1400
1407
1537
1546
1670
1679
1800
1807
1918
1928
2036
2044
2144
2153
2244
2255
2339
2348
2426
2434
2503
2513
2573
2582
2634
2644
2687
2695
2730
2740
2764
2774
2791
2799
2807
2816
2813
2822
2810
2819
2800
2807
2779
2785
2747
2756
2707
2715
2659
2665
2602
2610
2536
2544
2462
2468
2379
2386
2289
2295
2191
2198
2085
2091
1974
1978
1855
1858
1731
1734
1599
1603
1462
1465
1323
1325
1177
1179
1028
1030
876
877
720
721
563
563
404
403
241
241
81
78
-82
-84
-242
-246
-403
-407
-563
-567
-721
-726
-876
-881
-1029
-1033
-1179
-1184
-1323
-1329
-1462
-1470
-1599
-1606
-1729
-1737
-1854
-1861
-1973
-1980
-2085
-2093
-2191
-2198
-2288
-2297
-2378
-2387
-2460
-2469
-2535
-2544
-2602
-2611
-2658
-2666
-2705
-2715
-2746
-2755
-2777
-2786
-2799
-2806
-2809
-2818
-2811
-2821
-2805
-2814
-2788
-2798
-2763
-2773
-2730
-2738
-2687
-2694
-2633
-2641
-2573
-2579
-2503
-2510
-2425
-2432
-2338
-2345
-2245
-2251
-2144
-2148
-2034
-2039
-1920
-1926
-1797
-1803
-1672
-1674
-1538
-1541
-1398
-1402
-1255
-1259
-1110
-1110
-959
-960
-806
-806
-649
-649
-490
-489
-329
-329
-169
-168
-7
-6
156
158
317
319
476
480
636
640
792
798
947
951
1099
1102
1242
1249
1388
1394
1525
1531
1661
1667
1786
1794
1910
1917
2026
2032
2135
2142
2236
2245
2330
2338
2417
2426
2494
2505
2566
2574
2627
2637
2681
2690
2724
2735
2760
2769
2789
2796
2803
2814
2812
2820
2809
2818
2798
2807
2777
2786
2748
2756
2709
2718
2663
2671
2606
2613
2540
2547
2466
2474
2385
2392
2295
2302
2197
2204
2093
2100
1983
1987
1865
1868
1741
1744
1611
1614
1475
1477
1334
1336
1191
1191
1041
1042
890
889
737
734
577
576
419
416
258
255
95
93
-67
-69
-228
-232
-389
-394
-550
-554
-706
-711
-862
-868
-1015
-1021
-1164
-1171
-1310
-1317
-1452
-1458
-1588
-1595
-1718
-1726
-1844
-1852
-1964
-1971
-2077
-2083
-2180
-2190
-2280
-2288
-2370
-2380
-2454
-2463
-2529
-2538
-2595
-2605
-2652
-2663
-2701
-2711
-2743
-2752
-2773
-2784
-2795
-2804
-2808
-2818
-2812
-2821
-2805
-2815
-2791
-2798
-2766
-2775
-2732
-2740
-2690
-2698
-2638
-2644
-2576
-2585
-2508
-2515
-2431
-2437
-2345
-2352
-2253
-2258
-2152
-2157
-2045
-2048
-1930
-1935
-1809
-1813
-1681
-1685
-1549
-1553
-1411
-1414
-1269
-1271
-1124
-1124
-972
-974
-820
-820
-664
-663
-504
-504
-344
-343
-183
-181
-22
-18
140
143
301
305
462
465
621
625
777
783
931
936
1083
1090
1230
1238
1375
1382
1513
1521
1646
1656
1776
1785
1898
1906
2013
2024
2125
2134
2227
2236
2321
2331
2412
2419
2489
2499
2560
2570
2622
2632
2679
2687
2721
2732
2757
2767
2784
2795
2802
2812
2811
2821
2810
2820
2800
2810
2781
2790
2753
2761
2714
2723
2667
2675
2612
2619
2548
2555
2475
2482
2393
2401
2303
2311
2208
2213
2104
2110
1991
1998
1874
1880
1751
1755
1622
1625
1489
1490
1346
1349
1204
1206
1051
1056
901
904
749
747
592
592
434
431
272
270
111
108
-51
-55
-215
-217
-376
-379
-536
-539
-693
-698
-849
-854
-1001
-1006
-1152
-1157
-1297
-1304
-1440
-1446
-1575
-1582
-1707
-1714
-1833
-1841
-1953
-1960
-2066
-2074
-2172
-2181
-2272
-2281
-2365
-2373
-2448
-2457
-2524
-2533
-2591
-2600
-2650
-2659
-2700
-2709
-2741
-2750
-2773
-2782
-2795
-2804
-2810
-2818
-2814
-2823
-2808
-2817
-2794
-2803
-2772
-2778
-2738
-2746
-2696
-2703
-2644
-2652
-2584
-2591
-2517
-2524
-2440
-2446
-2354
-2361
-2262
-2269
-2164
-2168
-2055
-2061
-1942
-1946
-1823
-1825
-1695
-1698
-1563
-1566
-1426
-1428
-1284
-1285
-1136
-1139
-987
-988
-833
-835
-678
-678
-519
-518
-360
-358
-200
-197
-37
-34
124
128
286
290
448
450
607
611
763
768
917
923
1071
1075
1216
1222
1360
1366
1502
1507
1636
1642
1764
1771
1889
1894
2004
2013
2115
2122
2218
2226
2314
2322
2401
2411
2482
2492
2553
2564
2617
2626
2673
2682
2718
2728
2754
2765
2784
2794
2802
2811
2810
2821
2811
2821
2803
2812
2785
2792
2755
2765
2717
2728
2672
2681
2618
2627
2554
2562
2482
2490
2401
2408
2314
2320
2218
2225
2116
2121
2003
2010
1886
1892
1764
1768
1636
1639
1500
1505
1362
1364
1219
1219
1067
1072
916
919
764
764
607
606
448
446
288
285
126
123
-37
-39
-200
-202
-359
-363
-520
-524
-678
-683
-833
-839
-986
-992
-1137
-1142
-1283
-1290
-1424
-1431
-1561
-1568
-1695
-1702
-1821
-1828
-1940
-1949
-2054
-2063
-2162
-2170
-2262
-2270
-2353
-2362
-2439
-2448
-2514
-2523
-2583
-2593
-2643
-2652
-2694
-2703
-2736
-2746
-2768
-2778
-2793
-2802
-2807
-2818
-2812
-2822
-2808
-2817
-2795
-2804
-2773
-2781
-2739
-2749
-2699
-2707
-2649
-2658
-2590
-2599
-2522
-2530
-2446
-2455
-2363
-2370
-2271
-2278
-2172
-2178
-2065
-2071
-1954
-1959
-1834
-1838
-1707
-1712
-1576
-1579
-1440
-1442
-1297
-1299
-1152
-1154
-1001
-1003
-849
-849
-693
-692
-534
-535
-376
-374
-213
-213
-53
-50
110
112
272
274
434
437
591
595
750
753
903
908
1056
1061
1204
1210
1348
1353
1489
1495
1624
1629
1752
1759
1877
1883
1995
2001
2103
2112
2208
2215
2304
2313
2393
2402
2474
2482
2548
2557
2612
2621
2667
2676
2714
2724
2751
2761
2780
2790
2799
2809
2810
2820
2812
2821
2802
2812
2786
2793
2758
2766
2723
2730
2677
2685
2622
2630
2560
2568
2488
2497
2409
2416
2322
2329
2227
2232
2123
2130
2015
2019
1899
1903
1776
1779
1648
1651
1513
1517
1376
1378
1231
1233
1082
1084
932
932
777
779
621
621
461
462
303
301
140
139
-23
-25
-183
-188
-346
-349
-506
-510
-663
-668
-820
-825
-973
-978
-1123
-1129
-1270
-1276
-1414
-1419
-1550
-1557
-1684
-1690
-1809
-1817
-1931
-1939
-2045
-2053
-2153
-2160
-2253
-2260
-2345
-2355
-2433
-2439
-2509
-2518
-2577
-2586
-2638
-2647
-2689
-2699
-2732
-2741
-2765
-2775
-2790
-2799
-2806
-2815
-2812
-2820
-2809
-2817
-2795
-2804
-2773
-2782
-2742
-2751
-2702
-2710
-2652
-2661
-2594
-2602
-2527
-2535
-2452
-2460
-2371
-2376
-2279
-2284
-2180
-2186
-2074
-2080
-1963
-1967
-1843
-1847
-1718
-1721
-1588
-1590
-1453
-1453
-1310
-1311
-1166
-1166
-1016
-1017
-862
-861
-709
-707
-551
-548
-390
-387
-228
-227
-67
-65
95
98
258
261
419
422
578
582
735
740
889
895
1042
1047
1189
1197
1336
1342
1474
1484
1610
1617
1741
1749
1866
1873
1983
1992
2094
2104
2199
2209
2296
2306
2386
2396
2465
2477
2541
2552
2606
2617
2663
2673
2710
2720
2750
2759
2778
2789
2796
2808
2808
2820
2811
2822
2803
2813
2786
2796
2760
2769
2725
2734
2679
2690
2626
2635
2564
2573
2496
2502
2417
2423
2328
2336
2235
2241
2133
2139
2024
2030
1909
1914
1788
1791
1659
1662
1525
1528
1387
1389
1243
1246
1095
1097
946
947
792
792
635
634
475
476
316
316
155
153
-7
-9
-170
-172
-330
-333
-491
-495
-649
-653
-807
-810
-961
-964
-1112
-1116
-1258
-1263
-1399
-1406
-1536
-1544
-1672
-1679
-1801
-1806
-1920
-1927
-2036
-2042
-2145
-2151
-2245
-2253
-2339
-2347
-2424
-2434
-2502
-2512
-2572
-2582
-2634
-2643
-2687
-2696
-2730
-2739
-2763
-2774
-2790
-2799
-2806
-2816
-2812
-2821
-2810
-2819
-2798
-2807
-2777
-2785
-2746
-2755
-2707
-2715
-2660
-2666
-2602
-2608
-2536
-2543
-2463
-2468
-2379
-2385
-2289
-2294
-2191
-2197
-2086
-2091
-1973
-1978
-1855
-1859
-1731
-1734
-1600
-1603
-1464
-1467
-1323
-1326
-1179
-1180
-1029
-1031
-877
-877
-723
-722
-566
-564
-405
-403
-245
-243
-82
-80
80
83
242
245
403
406
561
567
720
724
873
881
1024
1033
1176
1182
1322
1328
1462
1469
1597
1606
1727
1736
1854
1861
1971
1980
2085
2093
2188
2199
2287
2297
2377
2387
2461
2469
2535
2544
2599
2610
2655
2666
2705
2715
2747
2755
2776
2785
2796
2807
2808
2819
2812
2821
2804
2814
2789
2798
2763
2773
2729
2739
2685
2694
2633
2641
2571
2579
2501
2509
2424
2431
2340
2345
2242
2250
2142
2149
2035
2040
1918
1925
1797
1803
1672
1675
1537
1541
1398
1403
1257
1259
1108
1112
957
960
805
807
650
650
490
490
331
329
169
168
5
5
-153
-157
-316
-318
-477
-480
-634
-638
-792
-796
-945
-950
-1096
-1101
-1245
-1250
-1388
-1393
-1524
-1532
-1658
-1665
-1786
-1794
-1908
-1916
-2025
-2033
-2133
-2142
-2235
-2245
-2330
-2339
-2417
-2427
-2496
-2506
-2566
-2575
-2628
-2638
-2682
-2692
-2727
-2735
-2763
-2771
-2789
-2797
-2805
-2814
-2812
-2821
-2811
-2820
-2800
-2810
-2781
-2788
-2751
-2759
-2712
-2720
-2665
-2673
-2608
-2616
-2543
-2550
-2469
-2477
-2387
-2394
-2298
-2305
-2202
-2207
-2097
-2101
-1985
-1989
-1867
-1871
-1743
-1747
-1613
-1617
-1477
-1479
-1336
-1339
-1192
-1194
-1045
-1044
-891
-892
-737
-736
-579
-578
-418
-418
-259
-257
-97
-95
65
67
227
230
386
391
546
552
705
710
860
866
1013
1019
1162
1169
1306
1314
1449
1456
1583
1593
1718
1725
1841
1850
1961
1969
2073
2082
2179
2188
2278
2287
2368
2378
2453
2461
2527
2537
2593
2604
2652
2662
2702
2712
2743
2753
2774
2782
2797
2805
2808
2819
2811
2822
2806
2816
2791
2800
2767
2776
2732
2742
2692
2698
2639
2647
2581
2587
2511
2517
2431
2440
2347
2355
2254
2260
2154
2160
2046
2052
1933
1936
1811
1815
1684
1689
1553
1555
1414
1418
1272
1274
1125
1127
972
975
822
821
665
665
508
507
347
345
186
184
24
22
-137
-141
-299
-304
-460
-464
-618
-623
-776
-779
-930
-935
-1081
-1087
-1230
-1235
-1373
-1379
-1512
-1518
-1645
-1653
-1774
-1781
-1896
-1905
-2012
-2022
-2122
-2131
-2226
-2234
-2321
-2331
-2407
-2417
-2486
-2496
-2558
-2568
-2622
-2630
-2675
-2685
-2721
-2731
-2758
-2767
-2785
-2793
-2802
-2811
-2810
-2819
-2810
-2819
-2801
-2809
-2781
-2790
-2752
-2761
-2715
-2723
-2667
-2676
-2612
-2621
-2548
-2557
-2476
-2483
-2394
-2402
-2306
-2313
-2209
-2216
-2105
-2111
-1995
-2000
-1877
-1882
-1754
-1757
-1624
-1628
-1490
-1491
-1350
-1352
-1206
-1206
-1058
-1058
-905
-906
-751
-751
-592
-593
-434
-433
-273
-271
-112
-110
50
52
213
215
373
376
533
538
692
695
846
851
999
1005
1148
1155
1296
1302
1436
1442
1573
1579
1705
1713
1831
1838
1949
1958
2063
2072
2169
2179
2268
2279
2360
2370
2445
2454
2520
2531
2587
2598
2647
2657
2697
2707
2738
2748
2770
2780
2792
2802
2806
2816
2809
2819
2806
2815
2792
2801
2768
2777
2735
2743
2693
2701
2641
2650
2584
2591
2516
2524
2439
2446
2355
2362
2262
2267
2162
2167
2055
2060
1940
1946
1820
1826
1696
1698
1562
1566
1424
1429
1284
1286
1136
1141
985
989
833
835
678
678
521
520
361
360
199
198
37
36
-124
-126
-285
-289
-448
-450
-605
-610
-762
-767
-917
-923
-1069
-1074
-1216
-1222
-1360
-1367
-1501
-1507
-1634
-1642
-1762
-1772
-1887
-1895
-2003
-2012
-2114
-2122
-2217
-2226
-2314
-2322
-2402
-2411
-2482
-2491
-2556
-2564
-2617
-2628
-2673
-2682
-2719
-2728
-2756
-2766
-2785
-2794
-2803
-2811
-2811
-2821
-2811
-2821
-2802
-2812
-2784
-2792
-2756
-2765
-2719
-2728
-2673
-2681
-2618
-2627
-2556
-2563
-2483
-2490
-2403
-2410
-2314
-2321
-2220
-2225
-2116
-2121
-2007
-2011
-1890
-1893
-1767
-1770
-1637
-1640
-1504
-1505
-1366
-1366
-1220
-1222
-1072
-1072
-921
-921
-767
-766
-609
-608
-451
-449
-290
-288
-128
-126
33
37
196
199
357
361
517
522
675
682
829
836
987
991
1136
1140
1279
1287
1423
1431
1560
1567
1694
1702
1819
1828
1940
1948
2053
2064
2162
2170
2260
2271
2353
2363
2439
2448
2515
2524
2584
2592
2643
2653
2695
2703
2736
2746
2767
2778
2794
2802
2806
2817
2813
2823
2807
2817
2795
2803
2771
2781
2739
2748
2701
2709
2649
2658
2590
2598
2523
2531
2448
2455
2364
2370
2270
2278
2172
2178
2064
2072
1952
1957
1833
1836
1707
1711
1575
1578
1438
1441
1298
1301
1152
1152
998
1001
849
849
695
693
535
534
376
374
215
212
53
51
-109
-111
-271
-274
-432
-434
-590
-594
-748
-752
-902
-908
-1055
-1060
-1203
-1209
-1346
-1354
-1487
-1494
-1621
-1629
-1752
-1760
-1876
-1883
-1994
-2001
-2103
-2113
-2208
-2217
-2305
-2313
-2394
-2402
-2475
-2484
-2548
-2557
-2611
-2620
-2668
-2677
-2715
-2724
-2752
-2762
-2781
-2791
-2802
-2811
-2811
-2821
-2813
-2821
-2805
-2812
-2787
-2795
-2760
-2768
-2724
-2732
-2678
-2686
-2625
-2632
-2561
-2568
-2490
-2497
-2410
-2417
-2324
-2329
-2229
-2234
-2127
-2131
-2016
-2021
-1900
-1904
-1776
-1781
-1649
-1652
-1514
-1518
-1376
-1379
-1233
-1234
-1085
-1086
-935
-934
-780
-780
-623
-623
-465
-463
-305
-303
-142
-140
19
23
181
183
342
346
502
506
662
665
815
822
974
976
1123
1128
1266
1273
1410
1415
1548
1555
1682
1687
1807
1816
1926
1937
2042
2053
2149
2159
2250
2259
2347
2354
2430
2440
2509
2518
2575
2587
2637
2648
2690
2699
2733
2742
2766
2776
2792
2800
2807
2815
2812
2821
2810
2819
2796
2805
2775
2783
2745
2753
2703
2712
2655
2663
2596
2604
2529
2538
2456
2462
2373
2378
2281
2287
2182
2188
2076
2082
1965
1969
1845
1850
1718
1723
1588
1592
1454
1455
1312
1315
1167
1168
1014
1018
864
866
710
709
551
550
392
389
230
229
69
66
-94
-97
-254
-259
-416
-419
-575
-581
-733
-738
-887
-894
-1040
-1046
-1188
-1195
-1333
-1340
-1474
-1481
-1609
-1616
-1740
-1747
-1864
-1871
-1982
-1990
-2093
-2102
-2198
-2206
-2294
-2305
-2383
-2394
-2466
-2477
-2540
-2551
-2605
-2615
-2662
-2672
-2710
-2720
-2747
-2758
