1651 9 80008000 0 1f4 9
-522
-526
-632
-636
-741
-744
-846
-850
-950
-953
-1047
-1054
-1144
-1151
-1237
-1243
-1324
-1332
-1410
-1415
-1489
-1495
-1564
-1570
-1632
-1639
-1697
-1703
-1755
-1761
-1807
-1813
-1854
-1859
-1892
-1899
-1926
-1934
-1953
-1961
-1974
-1982
-1989
-1996
-1997
-2004
-1997
-2005
-1993
-2000
-1981
-1988
-1963
-1969
-1938
-1943
-1907
-1911
-1868
-1874
-1824
-1830
-1774
-1779
-1718
-1722
-1656
-1661
-1590
-1593
-1517
-1521
-1441
-1444
-1357
-1360
-1270
-1274
-1181
-1183
-1086
-1088
-987
-988
-883
-886
-780
-782
-673
-675
-564
-564
-452
-452
-338
-340
-225
-225
-900
-906
-1002
-1007
-1099
-1106
-1193
-1199
-1285
-1290
-1370
-1376
-1452
-1458
-1528
-1535
-1600
-1607
-1666
-1673
-1727
-1734
-1781
-1788
-1831
-1838
-1875
-1881
-1910
-1918
-1941
-1948
-1965
-1972
-1983
-1990
-1993
-2001
-1998
-2005
-1996
-2004
-1985
-1993
-1970
-1978
-1949
-1956
-1921
-1927
-1886
-1892
-1845
-1851
-1797
-1803
-1742
-1750
-1685
-1691
-1621
-1626
-1551
-1556
-1475
-1480
-1396
-1400
-1312
-1315
-1222
-1227
-1129
-1132
-1031
-1035
-933
-935
-829
-831
-724
-725
-615
-616
-504
-505
-391
-392
-277
-278
-165
-165
-50
-49
67
67
180
183
295
297
409
411
521
522
630
632
739
742
844
848
947
951
1048
1051
1142
1148
1234
1240
1324
1328
1409
1413
1488
1493
1561
1567
1631
1636
1695
1701
1752
1758
1806
1810
1851
1857
1892
1898
1926
1931
1951
1959
1973
1980
1988
1994
1996
2002
1997
2002
1993
1998
1980
1987
1962
1966
1937
1942
1905
1910
1866
1873
1824
1827
1773
1778
1719
1722
1656
1659
1589
1593
1517
1521
1439
1443
1357
1361
1270
1273
1180
1182
1084
1089
986
988
887
886
783
781
674
674
563
564
453
453
341
340
226
225
113
111
-3
-4
-119
-120
-232
-235
-346
-350
-460
-463
-570
-575
-680
-684
-787
-790
-892
-896
-993
-997
-1091
-1096
-1187
-1191
-1278
-1282
-1362
-1368
-1446
-1449
-1522
-1528
-1594
-1601
-1660
-1667
-1722
-1728
-1779
-1784
-1826
-1833
-1871
-1876
-1908
-1916
-1939
-1945
-1963
-1969
-1982
-1987
-1994
-1999
-1997
-2004
-1996
-2003
-1987
-1994
-1974
-1979
-1950
-1958
-1924
-1928
-1890
-1896
-1848
-1854
-1802
-1806
-1750
-1754
-1692
-1696
-1627
-1631
-1558
-1561
-1483
-1487
-1404
-1407
-1320
-1322
-1230
-1234
-1138
-1140
-1044
-1044
-943
-943
-839
-840
-733
-735
-625
-625
-515
-515
-403
-402
-290
-289
-174
-174
-60
-59
55
58
170
172
284
288
397
400
510
512
620
623
729
732
833
837
935
941
1036
1042
1133
1138
1227
1231
1317
1321
1401
1405
1479
1486
1554
1560
1625
1631
1689
1695
1747
1753
1799
1807
1849
1853
1890
1895
-1938
-1945
-1906
-1913
-1870
-1875
-1825
-1832
-1775
-1781
-1720
-1725
-1660
-1662
-1591
-1597
-1520
-1523
-1442
-1446
-1360
-1364
-1273
-1276
-1182
-1184
-1087
-1090
-990
-992
-888
-889
-783
-785
-676
-678
-568
-567
-456
-456
-342
-343
-229
-229
-116
-113
