1651 9 80000000 0 1388 9
-815
-818
-705
-706
-592
-593
-476
-478
-360
-360
-243
-242
-124
-121
-4
-4
114
117
234
237
354
355
471
472
585
588
699
702
809
813
921
923
1024
1029
1127
1131
1226
1228
1318
1325
1410
1415
1494
1500
1574
1581
1650
1656
1720
1726
1785
1790
1842
1848
1892
1899
1938
1946
1977
1985
2011
2018
2037
2043
2054
2062
2068
2074
2074
2080
2071
2080
2064
2071
2050
2055
2028
2033
2000
2005
1964
1969
1923
1927
1874
1879
1819
1824
1759
1764
1692
1698
1620
1625
1544
1547
1463
1466
1374
1378
1283
1285
1185
1188
1085
1090
985
984
876
876
769
767
656
654
541
541
425
424
308
307
189
187
71
67
-49
-53
-168
-171
-287
-291
-405
-409
-521
-526
-636
-641
-749
-754
-858
-864
-967
-971
-1070
-1076
-1171
-1177
-1267
-1273
-1359
-1367
-1448
-1455
-1530
-1538
-1609
-1615
-1682
-1689
-1748
-1756
-1810
-1817
-1864
-1872
-1915
-1922
-1956
-1964
-1992
-2001
-2023
-2031
-2046
-2053
-2062
-2069
-2071
-2078
-2075
-2082
-2069
-2077
-2059
-2064
-2039
-2047
-2016
-2022
-1985
-1990
-1944
-1951
-1899
-1907
-1850
-1856
-1793
-1798
-1730
-1734
-1662
-1666
-1586
-1591
-1507
-1511
-1423
-1426
-1333
-1338
-1240
-1243
-1142
-1144
-1042
-1043
-935
-937
-827
-829
-717
-718
-603
-605
-489
-488
-371
-371
-253
-253
-134
-134
-16
-15
103
106
221
224
341
343
459
461
574
577
688
691
799
803
907
911
1015
1018
1116
1120
1214
1221
1310
1314
1400
1405
1486
1491
1565
1571
1642
1647
1712
1717
1777
1782
1835
1841
1888
1894
1935
1941
1974
1980
2008
2015
2034
2040
2055
2061
2068
2074
2074
2079
2074
2079
2065
2071
2051
2057
2029
2035
2002
2007
1968
1972
1926
1931
1879
1884
1825
1829
1765
1770
1699
1704
1630
1633
1552
1555
1470
1473
1384
1385
1291
1294
1196
1196
1096
1097
987
993
889
887
778
778
665
665
552
551
436
435
319
317
198
197
80
78
-41
-42
-160
-161
-277
-280
-394
-399
-512
-515
-626
-631
-737
-743
-850
-855
-957
-963
-1060
-1066
-1161
-1168
-1259
-1265
-1351
-1358
-1439
-1447
-1524
-1530
-1601
-1608
-1674
-1682
-1742
-1749
-1804
-1811
-1860
-1868
-1909
-1918
-1953
-1960
-1990
-1996
-2020
-2028
-2043
-2052
-2061
-2068
-2071
-2078
-2074
-2081
-2069
-2077
-2059
-2066
-2041
-2049
-2017
-2024
-1988
-1993
-1950
-1955
-1905
-1911
-1855
-1860
-1799
-1804
-1737
-1742
-1667
-1673
-1593
-1598
-1515
-1519
-1431
-1435
-1343
-1346
-1248
-1252
-1152
-1155
-1050
-1053
-944
-947
-837
-840
-727
-729
-613
-615
-498
-500
-383
-384
-264
-264
-145
-145
-25
-26
93
95
213
214
331
332
447
451
564
567
678
681
789
791
899
901
1001
1008
1105
1111
1207
1210
1301
1306
1392
1397
1478
1484
1561
1565
1635
1642
1706
1712
1771
1777
1830
1838
1881
1890
1930
1936
1970
1977
2004
2011
2031
2038
2051
2058
2064
2073
2071
2079
2073
2080
2065
2072
2052
2058
2032
2038
2006
2010
1971
1976
1931
1935
1883
1889
1830
1835
1772
1776
1706
1710
1636
1640
1561
1563
1478
1481
1393
1394
1301
1304
1207
1207
1105
1108
1005
1006
896
898
789
790
677
676
563
563
447
446
330
330
213
210
92
90
-26
-29
-146
-150
-265
-268
-382
-387
-500
-504
-616
-618
-728
-732
-838
-843
-945
-951
-1050
-1056
-1152
-1157
-1250
-1254
-1343
-1348
-1431
-1437
-1516
-1522
-1594
-1600
-1667
-1674
-1735
-1742
-1798
-1804
-1856
-1861
-1904
-1912
-1947
-1956
-1987
-1992
-2017
-2024
-2041
-2048
-2058
-2065
-2069
-2074
-2072
-2079
-2069
-2076
-2059
-2066
-2041
-2048
-2019
-2024
-1989
-1995
-1952
-1958
-1908
-1913
-1859
-1864
-1802
-1806
-1741
-1745
-1674
-1677
-1600
-1603
-1521
-1525
-1437
-1441
-1350
-1353
-1256
-1259
-1160
-1162
-1060
-1061
-955
-957
-847
-849
-737
-737
-624
-625
-509
-511
-392
-392
-275
-274
-158
-156
-38
-36
82
84
200
204
321
323
439
442
553
558
667
671
780
784
887
893
995
1000
1098
1103
1196
1203
1293
1299
1385
1391
1472
1477
1552
1559
1629
1636
1700
1707
1766
1773
1825
1833
1879
1887
1926
1934
1967
1975
2003
2010
2030
2037
2052
2058
2065
2073
2074
2079
2073
2079
2067
2074
2054
2060
2033
2040
2007
2013
1974
1979
1933
1938
1885
1893
1835
1840
1775
1782
1712
1715
1642
1645
1566
1570
1484
1488
1399
1403
1308
1311
1214
1216
1116
1117
1013
1015
909
908
800
799
686
687
572
573
457
458
340
340
221
221
102
102
-17
-18
-137
-139
-254
-259
-372
-376
-490
-493
-605
-609
-718
-722
-827
-833
-937
-942
-1043
-1048
-1144
-1149
-1241
-1247
-1335
-1341
-1424
-1430
-1509
-1514
-1589
-1595
-1662
-1668
-1731
-1738
-1794
-1801
-1851
-1858
-1902
-1909
-1945
-1953
-1983
-1991
-2016
-2023
-2041
-2048
-2058
-2065
-2070
-2076
-2075
-2081
-2070
-2077
-2061
-2068
-2046
-2052
-2023
-2030
-1994
-1998
-1957
-1962
-1914
-1919
-1864
-1869
-1810
-1814
-1748
-1753
-1679
-1686
-1607
-1611
-1528
-1534
-1448
-1450
-1360
-1362
-1266
-1269
-1169
-1172
-1069
-1071
-965
-966
-858
-859
-748
-750
-634
-637
-521
-521
-404
-404
-287
-286
-168
-167
-48
-47
72
72
191
191
310
310
426
428
541
546
657
659
768
771
879
882
984
989
1089
1093
-887
-889
-777
-779
-667
-667
-553
-552
-436
-436
-320
-318
-201
-198
-81
-79
40
42
159
161
277
279
395
398
511
514
626
629
738
743
847
854
958
960
1064
1066
1161
1169
1259
1263
1352
1358
1439
1444
1522
1528
1600
1607
1674
1680
1741
1748
1803
1810
1860
1866
1910
1915
1954
1960
1990
1997
2018
2027
2043
2048
2061
2067
2069
2077
2072
2079
2069
2077
2059
2065
2040
2047
2017
2023
1986
1992
1949
1954
1906
1909
1854
1860
1799
1803
1734
1740
1667
1671
1594
1597
1515
1519
1430
1433
1342
1344
1248
1250
1153
1153
1054
1052
948
946
839
839
727
728
615
614
500
499
384
382
266
264
145
144
26
25
-92
-95
-212
-215
-329
-333
-447
-450
-563
-567
-678
-681
-789
-793
-898
-902
-1005
-1009
-1106
-1113
-1206
-1212
-1302
-1307
-1393
-1399
-1478
-1486
-1560
-1566
-1635
-1643
-1706
-1714
-1771
-1779
-1831
-1838
-1884
-1890
-1930
-1938
-1971
-1977
-2006
-2012
-2032
-2039
-2053
-2060
-2065
-2073
-2072
-2079
-2072
-2079
-2067
-2072
-2052
-2058
-2031
-2038
-2003
-2009
-1971
-1975
-1930
-1936
-1882
-1886
-1829
-1833
-1769
-1775
-1706
-1710
-1633
-1638
-1557
-1562
-1476
-1481
-1390
-1393
-1300
-1303
-1204
-1207
-1105
-1108
-1004
-1005
-897
-898
-788
-789
-675
-677
-561
-562
-446
-447
-330
-328
-211
-209
-93
-89
29
30
148
149
265
269
384
387
500
504
615
619
728
732
840
843
946
951
1051
1055
1152
1158
1251
1255
1342
1348
1433
1437
1515
1522
1594
1601
1669
1674
1737
1744
1798
1806
1854
1862
1907
1913
1950
1957
1988
1994
2019
2026
2044
2049
2059
2068
2070
2078
2074
2081
2070
2078
2060
2066
2044
2050
2020
2027
1989
1996
1954
1958
1909
1915
1860
1866
1803
1809
1741
1747
1674
1679
1602
1605
1524
1526
1439
1443
1351
1354
1259
1260
1161
1163
1059
1062
954
956
849
850
740
739
626
626
510
511
394
394
278
276
158
157
38
37
-81
-83
-200
-203
-318
-322
-436
-439
-552
-556
-665
-669
-777
-783
-886
-891
-993
-998
-1097
-1102
-1196
-1202
-1293
-1298
-1383
-1388
-1469
-1475
-1552
-1557
-1628
-1634
-1699
-1706
-1766
-1771
-1824
-1832
-1876
-1885
-1926
-1933
-1968
-1974
-2002
-2008
-2028
-2036
-2050
-2058
-2065
-2072
-2072
-2080
-2072
-2080
-2067
-2073
-2053
-2060
-2033
-2041
-2007
-2013
-1974
-1980
-1934
-1940
-1887
-1894
-1834
-1841
-1776
-1782
-1711
-1717
-1641
-1646
-1566
-1571
-1484
-1489
-1399
-1403
-1310
-1312
-1214
-1217
-1115
-1117
-1012
-1014
-906
-908
-798
-799
-687
-688
-574
-573
-457
-458
-340
-340
-221
-221
-103
-103
18
17
136
138
256
258
373
375
490
493
605
608
717
721
829
832
939
942
1041
1047
1142
1147
1241
1247
1335
1339
1424
1428
1506
1512
1586
1593
1661
1667
1729
1736
1794
1799
1850
1856
1901
1907
1947
1952
1984
1990
2016
2020
2040
2047
2058
2065
2070
2076
2074
2081
2071
2078
2062
2068
2045
2052
2021
2028
1993
1999
1957
1963
1912
1919
1865
1869
1810
1815
1748
1753
1681
1685
1609
1611
1531
1534
1446
1451
1358
1362
1267
1270
1168
1171
1069
1070
966
967
858
859
749
748
635
635
520
520
404
404
287
285
169
166
49
46
-70
-73
-190
-192
-308
-312
-426
-429
-542
-546
-657
-660
-768
-773
-878
-883
-985
-990
-1088
-1094
-1189
-1194
-1284
-1290
-1375
-1382
-1462
-1469
-1545
-1551
-1622
-1628
-1693
-1700
-1759
-1767
-1818
-1826
-1874
-1882
-1922
-1929
-1963
-1971
-1998
-2006
-2029
-2034
-2049
-2056
-2064
-2070
-2073
-2079
-2072
-2081
-2068
-2075
-2055
-2063
-2037
-2043
-2011
-2017
-1978
-1983
-1939
-1944
-1893
-1899
-1841
-1846
-1784
-1788
-1719
-1724
-1650
-1653
-1574
-1578
-1495
-1498
-1409
-1412
-1320
-1321
-1224
-1227
-1126
-1129
-1024
-1025
-918
-920
-810
-810
-698
-699
-584
-585
-469
-469
-352
-351
-234
-232
-115
-114
5
7
124
127
243
246
361
364
478
481
593
597
707
711
817
822
926
931
1034
1035
1133
1137
1230
1236
1325
1330
1414
1419
1499
1504
1579
1585
1654
1660
1722
1731
1787
1793
1843
1850
1895
1902
1942
1947
1979
1986
2011
2018
2038
2044
2056
2063
2067
2074
2074
2079
2071
2077
2062
2068
2045
2053
2024
2029
1993
2001
1958
1965
1917
1923
1870
1874
1812
1818
1753
1758
1686
1692
1615
1619
1538
1541
1455
1458
1368
1369
1274
1278
1177
1183
1080
1080
979
978
870
871
758
759
646
647
532
531
416
415
298
297
179
178
60
58
-59
-62
-179
-181
-297
-300
-416
-418
-531
-535
-644
-649
-757
-761
-868
-872
-974
-979
-1077
-1084
-1178
-1184
-1275
-1279
-1367
-1372
-1454
-1459
-1538
-1543
-1614
-1620
-1687
-1693
-1753
-1760
-1813
-1820
-1868
-1875
-1917
-1923
-1959
-1966
-1996
-2003
-2025
-2031
-2047
-2053
-2062
-2069
-2070
-2077
-2072
-2079
-2066
-2074
-2054
-2063
-2036
-2043
-2011
-2018
-1980
-1985
-1940
-1946
-1895
-1900
-1844
-1850
-1787
-1792
-1724
-1728
-1654
-1660
-1579
-1584
-1499
-1504
-1413
-1419
-1324
-1329
-1230
-1234
-1134
-1136
-1030
-1034
-927
-928
-818
-819
-707
-709
-593
-594
-479
-478
-362
-362
-243
-243
-124
-123
-5
-4
113
117
233
236
351
354
468
472
585
588
698
701
809
813
917
923
1021
1029
1125
1132
1225
1228
1317
1324
1409
1414
1493
1499
1575
1580
1647
1655
1719
1726
1783
1790
1842
1848
1893
1900
1939
1945
1978
1985
2011
2019
2039
2044
2057
2063
2068
2075
2074
2081
2072
2079
2065
2071
2048
2056
2027
2033
1998
2004
1964
1970
1923
1928
1873
1880
1820
1826
1762
1765
1693
1698
1621
1627
1545
1548
1462
1466
1377
1379
1284
1287
1188
1192
1087
1088
982
987
877
880
770
770
656
657
541
542
427
426
308
308
190
189
70
69
-47
-50
-167
-170
-288
-289
-405
-406
-520
-524
-635
-639
-747
-752
-857
-863
-965
-970
-1068
-1074
-1170
-1175
-1267
-1272
-1359
-1364
-1447
-1453
-1530
-1536
-1607
-1614
-1679
-1688
-1746
-1754
-1808
-1816
-1864
-1872
-1914
-1920
-1956
-1964
-1992
-2000
-2022
-2030
-2046
-2053
-2061
-2069
-2070
-2078
-2074
-2081
-2070
-2076
-2058
-2065
-2040
-2046
-2015
-2022
-1983
-1990
-1945
-1951
-1901
-1906
-1850
-1856
-1794
-1798
-1729
-1735
-1661
-1667
-1587
-1592
-1507
-1512
-1424
-1427
-1334
-1338
-1240
-1243
-1144
-1146
-1043
-1044
-937
-939
-829
-830
-719
-720
-606
-605
-489
-490
-372
-372
-257
-254
-136
-135
-17
-15
101
103
221
224
339
342
456
460
573
575
686
690
797
801
907
911
1012
1016
1116
1118
1214
1218
1308
1314
1397
1405
1484
1490
1565
1571
1639
1648
1710
1719
1776
1782
1835
1841
1886
1894
1933
1940
1974
1981
2008
2014
2035
2041
2055
2061
2068
2073
2072
2079
2072
2079
2065
2071
2049
2057
2028
2036
2002
2008
1968
1972
1927
1932
1878
1884
1824
1830
1766
1769
1700
1703
1629
1632
1552
1556
1470
1473
1384
1386
1293
1294
1198
1199
1096
1099
995
995
887
888
777
778
667
666
552
552
438
437
319
318
202
199
82
80
-37
-39
-158
-159
-276
-278
-393
-396
-511
-514
-627
-629
-738
-742
-847
-853
-955
-960
-1060
-1065
-1161
-1166
-1257
-1264
-1349
-1357
-1439
-1444
-1521
-1530
-1601
-1608
-1674
-1681
-1741
-1749
-1804
-1811
-1859
-1868
-1909
-1916
-1952
-1959
-1989
-1997
-2019
-2028
-2043
-2052
-2061
-2068
-2072
-2078
-2075
-2082
-2070
-2078
-2060
-2068
-2044
-2051
-2020
-2025
-1989
-1994
-1950
-1957
-1907
-1912
-1855
-1861
-1800
-1803
-1739
-1743
-1670
-1674
-1596
-1600
-1517
-1521
-1434
-1436
-1344
-1348
-1251
-1255
-1155
-1156
-1052
-1054
-948
-949
-841
-841
-729
-731
-615
-615
-503
-501
-384
-385
-266
-267
-148
-146
-28
-27
91
93
210
212
328
331
446
448
563
565
677
679
788
792
895
901
1005
1008
1107
1110
1203
1211
1301
1305
1392
1397
1477
1483
1557
1565
1634
1641
1705
1712
1769
1776
1829
1836
1882
1889
1930
1936
1969
1976
2003
2010
2031
2039
2052
2059
2066
2072
2072
2080
2071
2079
2067
2072
2052
2058
2030
2038
2004
2011
1971
1977
1930
1937
1883
1889
1830
1836
1770
1776
1707
1710
1635
1641
1559
1563
1480
1481
1392
1396
1302
1305
1206
1208
1111
1110
1008
1006
902
900
790
791
679
679
565
564
449
448
333
330
212
211
94
92
-25
-28
-145
-149
-264
-267
-383
-386
-498
-502
-614
-618
-727
-731
-838
-842
-944
-950
-1050
-1054
-1151
-1156
-1248
-1254
-1341
-1348
-1430
-1436
-1515
-1521
-1593
-1600
-1667
-1674
-1733
-1741
-1797
-1804
-1853
-1860
-1902
-1911
-1947
-1955
-1985
-1992
-2016
-2024
-2041
-2047
-2058
-2065
-2069
-2075
-2071
-2080
-2070
-2077
-2060
-2066
-2043
-2050
-2019
-2025
-1990
-1995
-1952
-1958
-1909
-1914
-1860
-1865
-1803
-1809
-1741
-1747
-1674
-1679
-1601
-1606
-1523
-1526
-1437
-1442
-1352
-1354
-1259
-1262
-1160
-1163
-1060
-1062
-956
-958
-849
-850
-737
-740
-626
-627
-510
-511
-392
-394
-275
-276
-158
-156
-38
-37
82
83
199
203
318
321
437
439
553
555
667
669
779
781
889
891
990
999
1096
1101
1196
1201
1293
1298
1384
1388
1470
1476
1551
1558
1630
1633
1700
1706
1765
1772
1826
1832
1878
1885
1926
1933
1967
1974
2002
2007
2028
2035
2051
2057
2064
2071
2071
2079
2072
2079
2066
2073
2053
2059
2033
2040
2007
2014
1975
1980
1935
1940
1889
1893
1837
1840
1778
1783
1713
1717
1642
1645
1568
1571
1487
1489
1400
1403
1309
1313
1217
1217
1115
1117
1014
1015
908
909
801
801
689
688
575
574
460
459
343
342
224
222
104
102
-14
-17
-133
-136
-253
-255
-370
-375
-487
-493
-602
-607
-716
-721
-826
-832
-935
-941
-1041
-1046
-1141
-1148
-1238
-1245
-1332
-1339
-1423
-1430
-1506
-1513
-1587
-1593
-1661
-1668
-1729
-1736
-1793
-1799
-1850
-1856
-1902
-1908
-1945
-1952
-1983
-1990
-2015
-2022
-2040
-2046
-2057
-2064
-2069
-2075
-2074
-2080
-2071
-2078
-2061
-2068
-2045
-2051
-2023
-2029
-1993
-1998
-1957
-1962
-1914
-1919
-1864
-1870
-1808
-1814
-1748
-1752
-1682
-1685
-1609
-1613
-1529
-1535
-1448
-1451
-1360
-1363
-1267
-1270
-1171
-1173
-1071
-1072
-966
-968
-860
-860
-750
-750
-636
-636
-522
-521
-407
-405
-287
-288
-168
-169
-51
-48
70
71
189
191
307
310
424
428
539
544
655
659
767
772
876
881
987
988
1090
1092
1185
1192
1282
1288
1375
1380
1462
1468
1545
1550
1621
1627
1694
1700
1760
1767
1818
1827
1874
1882
1921
1930
1965
1971
1999
2006
2027
2035
2049
2057
2064
2071
2073
2079
2073
2081
2068
2076
2054
2062
2036
2043
2013
2016
1979
1983
1938
1944
1894
1899
1843
1846
1783
1787
1718
1723
1650
1653
1574
1577
1493
1497
1407
1412
1320
1322
1224
1226
1127
1126
1027
1024
922
919
811
810
699
699
586
585
470
470
353
352
234
234
115
115
-3
-7
-124
-125
-242
-244
-360
-363
-477
-481
-592
-595
-706
-709
-817
-821
-926
-930
-1032
-1035
-1133
-1138
-1231
-1237
-1324
-1330
-1415
-1420
-1499
-1506
-1580
-1586
-1653
-1660
-1723
-1730
-1788
-1794
-1845
-1851
-1896
-1902
-1941
-1948
-1981
-1987
-2012
-2019
-2038
-2045
-2056
-2064
-2069
-2075
-2073
-2080
-2073
-2079
-2065
-2069
-2047
-2054
-2026
-2032
-1995
-2003
-1961
-1967
-1919
-1924
-1870
-1875
-1816
-1820
-1755
-1759
-1688
-1692
-1616
-1621
-1538
-1543
-1456
-1459
-1368
-1373
-1276
-1280
-1180
-1182
-1079
-1081
-977
-978
-870
-870
-760
-760
-648
-646
-532
-532
-416
-416
-299
-298
-180
-179
-62
-59
58
61
176
180
297
299
414
417
529
534
645
648
758
761
866
871
974
979
1076
1080
1176
1181
1274
1280
1365
1371
1454
1458
1536
1542
1614
1620
1685
1692
1753
1759
1813
1820
1868
1875
1915
1923
1959
1967
1995
2002
2024
2032
2047
2054
2063
2070
2072
2079
2076
2081
2069
2075
2056
2064
2039
2044
2012
2019
1981
1987
1944
1949
1898
1903
1848
1852
1790
1794
1726
1730
1658
1660
1581
1586
1500
1506
1416
1420
1328
1330
1233
1237
1138
1138
1033
1036
928
930
822
822
709
710
596
595
482
480
365
363
247
243
127
125
8
5
-111
-114
-231
-234
-350
-353
-466
-469
-582
-586
-696
-699
-807
-810
-915
-920
-1020
-1025
-1122
-1128
-1221
-1227
-1316
-1321
-1406
-1412
-1492
-1497
-1572
-1579
-1648
-1654
-1717
-1724
-1783
-1787
-1841
-1846
-1891
-1899
-1938
-1944
-1975
-1982
-2009
-2016
-2035
-2043
-2054
-2061
-2067
-2074
-2073
-2080
-2073
-2078
-2064
-2070
-2049
-2056
-2027
-2034
-1998
-2005
-1963
-1969
-1922
-1929
-1876
-1881
-1820
-1826
-1761
-1766
-1695
-1700
-1622
-1628
-1546
-1550
-1464
-1468
-1377
-1380
-1285
-1289
-1190
-1191
-1090
-1092
-986
-989
-879
-881
-769
-771
-657
-658
-543
-545
-428
-428
-311
-310
-193
-191
-72
-72
46
50
167
168
286
287
403
406
520
522
634
638
745
750
858
861
965
968
1069
1072
1168
1173
1263
1270
1359
1364
1446
1451
1531
1535
1608
1614
1680
1686
1747
1753
1807
1814
1863
1869
1912
1919
1955
1963
1991
1999
2022
2028
2046
2052
2061
2068
2071
2076
2074
2080
2069
2076
2058
2064
2041
2045
2015
2021
1985
1990
1946
1951
1902
1906
1849
1857
1793
1799
1728
1736
1663
1666
1588
1593
1508
1512
1424
1428
1335
1339
1242
1244
1143
1146
1043
1045
938
940
830
832
721
720
608
607
493
492
374
374
257
255
137
137
18
18
-101
-103
-220
-223
-338
-341
-456
-459
-572
-575
-684
-688
-796
-801
-906
-910
-1013
-1015
-1115
-1119
-1213
-1218
-1309
-1312
-1399
-1403
-1484
-1489
-1567
-1571
-1641
-1646
-1712
-1717
-1777
-1782
-1835
-1840
-1887
-1892
-1933
-1940
-1973
-1981
-2007
-2013
-2034
-2039
-2053
-2059
-2065
-2073
-2074
-2078
-2072
-2078
-2065
-2071
-2051
-2057
-2030
-2035
-2002
-2007
-1967
-1973
-1927
-1931
-1878
-1883
-1827
-1830
-1765
-1770
-1701
-1705
-1629
-1633
-1554
-1557
-1470
-1475
-1384
-1387
-1293
-1296
-1198
-1201
-1097
-1101
-996
-998
-890
-891
-780
-782
-668
-669
-554
-554
-437
-439
-322
-320
-202
-202
-84
-83
35
38
155
157
274
277
392
395
508
511
624
627
738
739
846
850
955
958
1060
1064
1157
1164
1258
1261
1349
1355
1438
1444
1523
1528
1602
1606
1673
1681
1740
1748
1804
1811
1858
1866
1910
1916
1953
1959
1990
1996
2021
2027
2045
2050
2060
2067
2071
2076
2074
2081
2069
2076
2060
2066
2042
2049
2019
2023
1987
1993
1950
1954
1905
1911
1855
1860
1799
1803
1737
1740
1670
1672
1595
1598
1517
1520
1434
1436
1345
1345
1250
1253
1156
1156
1053
1054
947
949
842
840
730
730
616
617
503
501
387
385
267
268
149
148
29
28
-91
-92
-208
-212
-326
-331
-444
-449
-560
-564
-674
-679
-785
-791
-895
-900
-1002
-1006
-1105
-1111
-1203
-1209
-1299
-1305
-1390
-1396
-1476
-1482
-1556
-1564
-1634
-1640
-1705
-1711
-1770
-1777
-1830
-1837
-1883
-1890
-1929
-1938
-1970
-1976
-2003
-2010
-2032
-2039
-2052
-2059
-2067
-2073
-2072
-2080
-2072
-2080
-2067
-2073
-2052
-2059
-2033
-2038
-2006
-2010
-1972
-1976
-1931
-1935
-1885
-1889
-1831
-1836
-1772
-1777
-1707
-1712
-1636
-1641
-1560
-1564
-1479
-1482
-1393
-1397
-1302
-1304
-1206
-1210
-1109
-1110
-1007
-1007
-899
-900
-791
-791
-678
-678
-565
-565
-449
-448
-331
-331
-213
-213
-93
-92
27
28
144
146
263
266
382
384
498
500
612
616
725
729
839
841
943
947
1046
1052
1150
1153
1247
1252
1340
1346
1428
1435
1512
1520
1593
1600
1667
1673
1735
1742
1795
1805
1853
1861
1905
1912
1949
1955
1985
1993
2017
2024
2042
2048
2059
2066
2071
2077
2074
2081
2071
2078
2062
2069
2045
2051
2021
2028
1992
1996
1953
1960
1910
1917
1862
1866
1806
1810
1743
1748
1674
1681
1604
1608
1522
1528
1440
1443
1351
1355
1260
1263
1163
1166
1060
1065
957
960
848
851
741
740
627
627
514
512
396
395
278
277
158
158
40
39
-79
-83
-198
-202
-317
-320
-433
-438
-550
-555
-664
-668
-776
-781
-886
-891
-992
-997
-1095
-1101
-1194
-1201
-1290
-1297
-1381
-1388
-1468
-1474
-1550
-1557
-1626
-1634
-1698
-1704
-1763
-1769
-1825
-1830
-1878
-1885
-1924
-1931
-1966
-1973
-2002
-2008
-2028
-2035
-2049
-2057
-2066
-2071
-2073
-2080
-2073
-2080
-2068
-2074
-2054
-2061
-2035
-2041
-2008
-2014
-1974
-1980
-1936
-1941
-1890
-1895
-1838
-1842
-1778
-1784
-1714
-1719
-1645
-1648
-1568
-1572
-1489
-1491
-1403
-1405
-1311
-1315
-1218
-1219
-1120
-1120
-1016
-1018
-911
-911
-803
-802
-691
-691
-578
-576
-462
-460
-344
-344
-225
-225
-107
-105
13
15
133
135
251
255
369
372
486
489
601
606
714
718
825
829
934
937
1037
1043
1141
1145
1236
1242
1332
1337
1420
1427
1504
1511
1584
1591
1658
1665
1730
1734
1789
1797
1848
1854
1898
1906
1943
1951
1982
1988
2013
2020
2038
2045
2056
2063
2069
2074
2073
2079
2070
2076
2061
2066
2044
2052
2023
2028
1993
1997
1956
1962
1914
1919
1864
1869
1809
1815
1747
1754
1682
1686
1607
1613
1530
1535
1449
1452
1360
1364
1269
1271
1171
1173
1072
1075
970
968
859
861
751
752
638
639
523
523
406
406
289
288
169
169
51
50
-68
-72
-186
-189
-305
-309
-424
-427
-540
-543
-653
-658
-766
-771
-875
-881
-982
-988
-1087
-1091
-1185
-1193
-1281
-1289
-1372
-1379
-1461
-1468
-1543
-1550
322
321
203
202
84
83
-35
-37
-155
-157
-274
-277
-391
-395
-506
-512
-622
-626
-736
-740
-846
-850
-953
-958
-1056
-1063
-1158
-1164
-1254
-1262
-1348
-1355
-1437
-1443
-1521
-1526
-1600
-1606
-1673
-1680
-1741
-1748
-1804
-1809
-1859
-1866
-1908
-1917
-1952
-1959
-1989
-1996
-2020
-2026
-2044
-2050
-2060
-2067
-2070
-2078
-2074
-2081
-2072
-2077
-2060
-2067
-2043
-2048
-2019
-2025
-1986
-1994
-1950
-1955
-1907
-1912
-1857
-1862
-1800
-1806
-1736
-1742
-1670
-1675
-1596
-1601
-1516
-1521
-1433
-1437
-1346
-1349
-1252
-1254
-1153
-1157
-1053
-1055
-948
-950
-841
-842
-731
-731
-617
-618
-504
-503
-386
-386
-268
-267
-148
-148
-31
-28
90
93
208
211
325
330
444
449
560
564
675
679
786
791
895
900
999
1006
1103
1109
1203
1210
1296
1303
1387
1395
1474
1482
1556
1562
1632
1640
1700
1711
1770
1776
1827
1834
1880
1889
1929
1936
1970
1976
2003
2010
2031
2037
2052
2058
2066
2072
2074
2079
2072
2080
2065
2074
2053
2058
2031
2038
2005
2013
1971
1978
1930
1935
1884
1890
1830
1836
1771
1778
1706
1711
1636
1641
1561
1565
1479
1482
1394
1396
1304
1307
1208
1209
1107
1111
1008
1009
900
902
790
792
679
680
566
567
450
449
333
330
214
212
95
93
-23
-27
-144
-147
-264
-266
-379
-383
-497
-500
-614
-616
-725
-728
-837
-840
-944
-948
-1050
-1053
-1150
-1155
-1249
-1252
-1341
-1346
-1431
-1436
-1514
-1520
-1593
-1599
-1667
-1673
-1734
-1741
-1798
-1804
-1854
-1861
-1905
-1911
-1948
-1955
-1986
-1993
-2019
-2024
-2043
-2049
-2060
-2066
-2071
-2076
-2074
-2080
-2070
-2077
-2062
-2067
-2045
-2051
-2021
-2026
-1991
-1997
-1955
-1960
-1911
-1917
-1861
-1867
-1806
-1811
-1745
-1749
-1678
-1681
-1603
-1608
-1525
-1530
-1442
-1446
-1353
-1356
-1261
-1264
-1164
-1167
-1064
-1066
-959
-961
-851
-853
-741
-742
-628
-629
-514
-515
-399
-398
-280
-279
-161
-159
-43
-41
78
79
197
199
315
318
433
436
547
553
665
667
775
779
886
889
991
997
1094
1098
1194
1199
1288
1294
1381
1387
1467
1473
1549
1555
1626
1633
1697
1703
1762
1768
1822
1829
1878
1884
1924
1932
1965
1973
1999
2007
2028
2035
2047
2056
2063
2071
2071
2079
2073
2079
2065
2073
2053
2059
2034
2039
2005
2013
1970
1979
1933
1940
1887
1894
1835
1841
1777
1782
1712
1718
1642
1647
1567
1571
1487
1491
1400
1404
1310
1314
1216
1218
1115
1119
1015
1017
909
911
800
801
689
690
575
576
459
461
342
343
225
225
105
105
-15
-15
-134
-135
-252
-255
-371
-373
-487
-490
-602
-606
-716
-720
-827
-831
-934
-939
-1040
-1043
-1142
-1145
-1240
-1244
-1331
-1337
-1422
-1428
-1507
-1512
-1586
-1591
-1660
-1666
-1729
-1735
-1793
-1798
-1848
-1856
-1901
-1907
-1945
-1951
-1983
-1990
-2014
-2021
-2040
-2046
-2058
-2065
-2069
-2075
-2073
-2080
-2071
-2077
-2063
-2068
-2046
-2052
-2025
-2029
-1994
-2000
-1958
-1962
-1916
-1920
-1866
-1871
-1810
-1815
-1750
-1754
-1684
-1687
-1610
-1614
-1531
-1536
-1449
-1453
-1362
-1365
-1270
-1272
-1171
-1174
-1071
-1073
-969
-969
-861
-862
-751
-753
-639
-639
-525
-524
-409
-408
-290
-290
-172
-170
-53
-50
68
70
186
188
305
308
422
426
539
543
654
657
766
769
875
881
986
986
1088
1091
1183
1190
1283
1286
1374
1380
1461
1466
1544
1549
1620
1627
1691
1697
1758
1765
1819
1825
1873
1879
1920
1927
1962
1970
1999
2005
2026
2033
2048
2055
2064
2071
2073
2078
2073
2079
2069
2075
2056
2062
2035
2043
2010
2017
1978
1984
1939
1945
1890
1898
1840
1847
1785
1788
1719
1724
1650
1654
1574
1580
1495
1500
1410
1412
1321
1322
1225
1228
1129
1128
1027
1025
923
921
811
811
700
700
586
586
471
472
355
354
237
234
118
116
-2
-4
-121
-124
-240
-243
-357
-361
-475
-479
-592
-594
-704
-708
-815
-819
-924
-929
-1030
-1034
-1131
-1136
-1229
-1235
-1326
-1329
-1414
-1419
-1499
-1505
-1579
-1585
-1654
-1660
-1722
-1729
-1786
-1792
-1844
-1851
-1896
-1902
-1940
-1948
-1979
-1987
-2013
-2019
-2037
-2044
-2057
-2064
-2069
-2076
-2074
-2080
-2072
-2078
-2064
-2069
-2049
-2054
-2026
-2032
-1996
-2002
-1962
-1966
-1918
-1925
-1870
-1876
-1817
-1820
-1756
-1761
-1689
-1693
-1617
-1620
-1540
-1543
-1457
-1460
-1368
-1372
-1277
-1280
-1181
-1184
-1081
-1084
-977
-978
-870
-872
-760
-763
-648
-648
-535
-534
-418
-417
-301
-300
-182
-180
-63
-62
57
59
177
180
295
297
413
416
528
532
645
648
759
760
865
871
972
978
1076
1082
1174
1182
1275
1278
1365
1371
1452
1459
1535
1543
1613
1619
1685
1693
1753
1760
1813
1820
1867
1876
1918
1925
1959
1965
1995
2003
2026
2032
2047
2054
2063
2070
2071
2078
2073
2081
2068
2075
2058
2065
2040
2046
2011
2020
1981
1989
1944
1950
1898
1904
1847
1853
1791
1795
1727
1731
1657
1664
1583
1588
1503
1508
1418
1424
1330
1333
1236
1239
1138
1139
1033
1037
929
932
822
824
711
712
597
598
482
482
366
366
248
248
128
127
11
8
-111
-111
-230
-233
-348
-350
-465
-468
-580
-583
-694
-697
-805
-809
-914
-918
-1020
-1024
-1120
-1127
-1220
-1225
-1315
-1320
-1404
-1410
-1489
-1497
-1569
-1577
-1645
-1652
-1713
-1723
-1779
-1786
-1838
-1844
-1888
-1896
-1935
-1942
-1974
-1982
-2008
-2014
-2036
-2041
-2053
-2061
-2066
-2074
-2072
-2080
-2071
-2078
-2065
-2070
-2050
-2055
-2028
-2034
-1999
-2006
-1965
-1971
-1925
-1927
-1876
-1880
-1822
-1826
-1762
-1765
-1697
-1700
-1623
-1628
-1547
-1551
-1465
-1469
-1378
-1381
-1287
-1290
-1192
-1194
-1091
-1093
-988
-990
-882
-883
-772
-773
-660
-661
-547
-545
-429
-431
-311
-312
-193
-193
-75
-72
46
47
163
166
282
285
401
404
516
521
632
636
743
749
855
859
963
967
1066
1071
1169
1171
1261
1269
1357
1361
1443
1449
1527
1532
1605
1611
1677
1684
1744
1752
1805
1814
1861
1869
1911
1918
1953
1961
1991
1999
2021
2027
2043
2050
2059
2067
2068
2077
2070
2079
2068
2075
2057
2064
2037
2045
2013
2021
1982
1989
1945
1952
1901
1907
1851
1856
1794
1800
1731
1736
1663
1668
1589
1593
1510
1514
1426
1429
1335
1339
1244
1245
1143
1148
1044
1047
938
941
829
832
719
721
607
608
493
492
376
375
255
257
138
137
18
19
-102
-101
