1651 9 80008000 0 1f4 9
-1854
-1859
-1808
-1813
-1757
-1761
-1699
-1704
-1635
-1640
-1567
-1571
-1494
-1499
-1414
-1419
-1332
-1334
-1244
-1248
-1150
-1155
-1056
-1058
-957
-959
-853
-855
-749
-751
-642
-641
-531
-532
-419
-421
-306
-306
-191
-192
-77
-78
38
38
152
153
267
267
379
382
492
495
603
605
711
714
818
821
920
924
1020
1025
1115
1120
1209
1216
1299
1306
1383
1390
1466
1471
1542
1547
1611
1617
1677
1682
1734
1742
1788
1796
1838
1843
1879
1885
1914
1920
1944
1950
1966
1973
1984
1990
1993
1998
1996
2002
1991
1997
1981
1987
1965
1971
1940
1947
1912
1917
1876
1880
1833
1838
1785
1789
1731
1736
1672
1675
1606
1609
1535
1536
1458
1460
1377
1379
1290
1293
1202
1204
1111
1110
1008
1012
912
911
808
806
700
699
591
590
480
479
368
367
254
254
140
139
26
23
-90
-92
-205
-207
-319
-322
-430
-434
-543
-546
-651
-657
-760
-764
-864
-868
-967
-972
-1066
-1071
-1161
-1166
-1253
-1258
-1341
-1347
-1423
-1430
-1501
-1507
-1576
-1581
-1643
-1650
-1706
-1712
-1763
-1769
-1814
-1820
-1858
-1865
-1896
-1904
-1930
-1937
-1957
-1963
-1976
-1983
-1989
-1995
-1995
-2002
-1996
-2002
-1989
-1994
-1975
-1981
-1956
-1961
-1930
-1935
-1897
-1901
-1857
-1863
-1813
-1817
-1762
-1765
-1704
-1709
-1642
-1646
-1575
-1577
-1500
-1504
-1422
-1425
-1340
-1342
-1252
-1255
-1159
-1162
-1064
-1068
-966
-968
-864
-864
-759
-759
-652
-652
-542
-541
-430
-429
-316
-317
-203
-202
-89
-86
26
27
141
143
255
258
369
372
480
485
591
595
700
705
806
811
908
914
1011
1015
1106
1116
1201
1207
1291
1296
1375
1385
1459
1464
1533
1539
1605
1612
1670
1677
1730
1736
1784
1792
1834
1841
1875
1882
1910
1919
1940
1948
1965
1971
1981
1988
1990
1998
1994
2003
1991
1999
1982
1989
1966
1972
1943
1949
1913
1920
1876
1884
1836
1842
1787
1794
1734
1739
1674
1681
1609
1614
1540
1545
1463
1468
1384
1388
1297
1302
1208
1212
1118
1118
1016
1021
919
921
815
817
708
711
600
601
489
489
379
377
265
265
151
150
36
34
-79
-81
-194
-195
-307
-309
-420
-425
-531
-536
-641
-645
-750
-753
-856
-859
-958
-962
-1056
-1061
-1153
-1156
-1245
-1249
-1331
-1337
-1414
-1421
-1494
-1499
-1568
-1573
-1638
-1641
-1700
-1706
-1756
-1763
-1808
-1813
-1855
-1860
-1895
-1900
-1927
-1932
-1952
-1960
-1974
-1980
-1988
-1994
-1995
-2000
-1997
-2002
-1989
-1995
-1978
-1983
-1958
-1963
-1933
-1937
-1900
-1905
-1862
-1866
-1817
-1821
1065
1068
966
969
868
866
758
761
652
652
541
542
431
430
318
317
205
203
88
88
-26
-27
-141
-144
-255
-258
-368
-371
-481
-485
-591
-596
-700
-704
-807
-810
-910
-915
-1011
-1017
-1109
-1113
-1203
-1207
-1293
-1298
-1378
-1384
-1457
-1464
-1534
-1539
-1606
-1611
-1670
-1676
-1731
-1737
-1786
-1791
