1651 9 80000000 0 1388 9
4
5
167
170
330
333
491
494
650
655
807
813
964
969
1115
1122
1264
1269
1409
1414
1547
1554
1682
1688
1810
1817
1932
1941
2047
2058
2158
2166
2260
2269
2355
2364
2442
2451
2522
2531
2592
2602
2653
2664
2705
2716
2752
2760
2788
2796
2810
2821
2828
2837
2836
2845
2833
2842
2820
2829
2801
2808
2771
2778
2731
2738
2680
2689
2623
2631
2556
2565
2483
2490
2399
2406
2309
2316
2209
2216
2104
2108
1992
1996
1874
1877
1748
1750
1614
1619
1480
1481
1337
1339
1188
1192
1039
1041
887
888
729
731
572
571
412
410
249
248
85
82
-78
-80
-240
-243
-403
-406
-565
-567
-723
-726
-878
-883
-1033
-1037
-1183
-1189
-1330
-1336
-1472
-1479
-1608
-1616
-1740
-1748
-1867
-1874
-1987
-1994
-2100
-2109
-2206
-2215
-2303
-2314
-2396
-2406
-2480
-2489
-2554
-2564
-2621
-2631
-2680
-2689
-2728
-2738
-2768
-2779
-2799
-2810
-2819
-2831
-2833
-2842
-2834
-2845
-2828
-2839
-2813
-2822
-2786
-2797
-2751
-2762
-2709
-2719
-2656
-2665
-2594
-2603
-2525
-2533
-2446
-2454
-2359
-2366
-2265
-2272
-2164
-2170
-2054
-2060
-1938
-1943
-1817
-1820
-1689
-1692
-1554
-1557
-1415
-1418
-1271
-1274
-1124
-1126
-971
-972
-816
-817
-659
-660
-499
-499
-337
-336
-175
-175
-12
-11
152
154
315
317
477
479
635
639
794
799
949
954
1101
1106
1250
1255
1395
1400
1534
1540
1669
1675
1799
1806
1922
1929
2038
2045
2149
2157
2251
2260
2346
2355
2434
2444
2515
2523
2586
2595
2648
2658
2704
2712
2748
2757
2783
2794
2810
2820
2829
2837
2836
2846
2834
2844
2824
2832
2804
2813
2775
2782
2734
2743
2687
2696
2631
2639
2565
2574
2492
2498
2409
2416
2319
2325
2220
2227
2116
2122
2004
2008
1885
1889
1758
1763
1629
1631
1490
1495
1351
1352
1204
1206
1057
1058
901
902
745
745
587
586
426
426
266
262
101
99
-62
-64
-225
-228
-387
-391
-549
-554
-708
-712
-865
-870
-1019
-1024
-1170
-1175
-1317
-1323
-1459
-1465
-1596
-1603
-1729
-1736
-1855
-1863
-1976
-1983
-2089
-2098
-2196
-2204
-2296
-2305
-2388
-2397
-2471
-2481
-2549
-2557
-2616
-2624
-2674
-2684
-2725
-2733
-2764
-2775
-2798
-2807
-2820
-2829
-2833
-2842
-2837
-2846
-2832
-2840
-2816
-2824
-2792
-2800
-2759
-2767
-2715
-2724
-2663
-2671
-2603
-2611
-2534
-2542
-2456
-2462
-2370
-2377
-2277
-2283
-2176
-2181
-2067
-2072
-1953
-1956
-1831
-1834
-1703
-1706
-1568
-1572
-1431
-1434
-1287
-1289
-1139
-1140
-987
-988
-833
-833
-674
-675
-514
-515
-355
-353
-193
-190
-28
-26
135
137
299
301
460
464
619
624
778
783
933
938
1085
1093
1235
1242
1380
1386
1519
1528
1655
1663
1785
1793
1908
1917
2027
2036
2136
2147
2241
2250
2336
2346
2424
2435
2507
2516
2578
2587
2640
2651
2695
2707
2742
2752
2778
2789
2806
2816
2826
2835
2835
2844
2833
2843
2823
2832
2805
2813
2776
2784
2737
2746
2690
2699
2634
2643
2570
2578
2498
2505
2417
2424
2327
2333
2231
2236
2126
2131
2013
2020
1894
1900
1771
1776
1643
1645
1505
1509
1364
1366
1219
1221
1067
1071
914
917
761
760
602
602
441
440
280
278
117
115
-47
-49
-210
-213
-371
-376
-533
-537
-692
-697
-850
-855
-1006
-1011
-1157
-1162
-1303
-1309
-1446
-1452
-1582
-1590
-1717
-1724
-1844
-1852
-1965
-1972
-2079
-2087
-2186
-2194
-2287
-2295
-2378
-2388
-2463
-2472
-2539
-2549
-2607
-2618
-2667
-2677
-2717
-2729
-2760
-2770
-2793
-2802
-2815
-2825
-2829
-2840
-2834
-2844
-2830
-2839
-2813
-2823
-2790
-2801
-2758
-2767
-2715
-2725
-2665
-2674
-2606
-2613
-2537
-2545
-2461
-2468
-2376
-2383
-2282
-2289
-2183
-2188
-2074
-2079
-1960
-1965
-1840
-1844
-1712
-1717
-1579
-1584
-1441
-1444
-1299
-1301
-1151
-1153
-1000
-1001
-845
-847
-687
-688
-529
-528
-368
-367
-204
-205
-41
-40
121
124
284
287
447
449
607
612
766
769
921
926
1071
1079
1224
1228
1367
1374
1510
1517
1644
1652
1775
1783
1899
1908
2015
2025
2130
2138
2233
2242
2331
2340
2419
2429
2500
2509
2574
2582
2637
2648
2693
2703
2739
2749
2776
2786
2806
2815
2825
2834
2834
2842
2834
2844
2825
2834
2806
2815
2778
2787
2742
2750
2694
2703
2640
2649
2576
2584
2505
2512
2424
2431
2335
2342
2236
2244
2134
2140
2023
2029
1905
1911
1782
1786
1652
1656
1516
1521
1377
1380
1233
1234
1083
1085
930
931
773
775
616
616
457
455
295
293
131
130
-32
-35
-194
-198
-357
-361
-518
-523
-679
-683
-836
-840
-989
-997
-1142
-1148
-1290
-1295
-1434
-1440
-1572
-1578
-1706
-1713
-1833
-1841
-1954
-1962
-2070
-2078
-2177
-2187
-2280
-2288
-2375
-2381
-2458
-2466
-2535
-2545
-2604
-2614
-2664
-2674
-2717
-2726
-2759
-2768
-2792
-2801
-2816
-2824
-2833
-2840
-2836
-2846
-2832
-2842
-2818
-2828
-2796
-2806
-2764
-2773
-2724
-2731
-2673
-2681
-2613
-2622
-2547
-2553
-2470
-2476
-2386
-2391
-2293
-2299
-2193
-2198
-2086
-2091
-1972
-1977
-1852
-1855
-1726
-1728
-1593
-1596
-1455
-1458
-1312
-1314
-1165
-1168
-1015
-1016
-860
-861
-704
-703
-544
-544
-384
-382
-221
-220
-57
-57
104
109
267
271
430
434
591
595
749
754
905
911
1058
1065
1208
1213
1356
1359
1496
1502
1633
1639
1763
1770
1887
1895
2006
2015
2119
2126
2224
2233
2322
2330
2411
2420
2494
2502
2567
2577
2632
2642
2688
2698
2735
2745
2774
2783
2804
2813
2822
2833
2835
2844
2836
2846
2827
2837
2810
2818
2784
2792
2747
2756
2702
2710
2648
2656
2585
2593
2513
2519
2432
2440
2347
2351
2250
2255
2146
2152
2037
2040
1919
1924
1796
1799
1666
1668
1531
1534
1392
1394
1245
1248
1096
1099
945
946
789
790
632
631
470
470
310
309
147
145
-17
-18
-181
-182
-341
-345
-503
-507
-663
-668
-821
-826
-974
-980
-1126
-1134
-1275
-1282
-1418
-1425
-1558
-1565
-1692
-1699
-1820
-1828
-1941
-1950
-2059
-2065
-2167
-2174
-2267
-2277
-2362
-2371
-2449
-2458
-2527
-2536
-2598
-2606
-2658
-2668
-2712
-2720
-2754
-2764
-2789
-2798
-2814
-2822
-2829
-2839
-2835
-2844
-2831
-2842
-2820
-2829
-2798
-2808
-2767
-2777
-2727
-2735
-2677
-2685
-2619
-2626
-2552
-2560
-2477
-2486
-2394
-2401
-2303
-2307
-2204
-2208
-2096
-2101
-1984
-1989
-1862
-1867
-1737
-1741
-1605
-1608
-1468
-1470
-1325
-1328
-1179
-1181
-1029
-1030
-874
-875
-717
-719
-557
-559
-398
-397
-236
-234
-73
-72
92
93
255
256
415
420
576
580
736
739
893
897
1042
1051
1195
1202
1341
1347
1483
1489
1619
1626
1750
1757
1876
1884
1996
2004
2108
2116
2214
2220
2311
2319
2402
2411
2484
2493
2560
2569
2625
2635
2683
2691
2731
2741
2770
2780
2799
2809
2821
2831
2834
2841
2833
2844
2828
2836
2811
2819
2784
2794
2748
2758
2705
2712
2652
2660
2591
2598
2521
2526
2442
2447
2353
2359
2257
2264
2155
2161
2045
2051
1928
1934
1807
1810
1677
1682
1541
1546
1405
1407
1259
1261
1110
1113
960
961
803
804
646
646
485
484
325
322
161
159
-3
-4
-164
-169
-327
-331
-488
-493
-650
-653
-807
-811
-962
-968
-1114
-1121
-1262
-1269
-1405
-1412
-1546
-1552
-1681
-1688
-1808
-1816
-1931
-1939
-2048
-2056
-2158
-2166
-2259
-2268
-2353
-2364
-2441
-2450
-2520
-2530
-2590
-2600
-2652
-2662
-2706
-2715
-2751
-2759
-2785
-2794
-2811
-2821
-2827
-2837
-2834
-2843
-2833
-2840
-2820
-2829
-2799
-2808
-2769
-2777
-2730
-2739
-2682
-2690
-2625
-2633
-2559
-2565
-2484
-2491
-2402
-2409
-2311
-2317
-2212
-2218
-2107
-2112
-1993
-1998
-1874
-1878
-1748
-1753
-1617
-1621
-1480
-1483
-1339
-1341
-1193
-1195
-1043
-1044
-889
-889
-734
-732
-574
-573
-413
-411
-251
-250
-88
-86
76
78
238
242
401
405
561
566
721
726
878
882
1028
1036
1182
1188
1328
1335
1470
1477
1608
1613
1736
1747
1864
1873
1984
1993
2097
2107
2203
2213
2303
2312
2397
2404
2478
2488
2554
2563
2620
2629
2677
2687
2727
2738
2768
2777
2797
2808
2819
2829
2832
2842
2835
2845
2827
2838
2812
2822
2787
2797
2753
2762
2710
2717
2657
2665
2596
2603
2526
2533
2446
2455
2360
2367
2267
2273
2166
2171
2056
2061
1938
1946
1817
1822
1689
1694
1557
1560
1415
1419
1272
1276
1125
1126
973
974
818
820
660
661
501
501
339
339
175
175
12
12
-149
-152
-311
-315
-475
-478
-635
-639
-792
-796
-949
-953
-1101
-1106
-1248
-1255
-1393
-1399
-1533
-1540
-1668
-1676
-1798
-1804
-1921
-1928
-2039
-2046
-2147
-2156
-2250
-2259
-2348
-2355
-2435
-2443
-2514
-2523
-2585
-2594
-2649
-2658
-2702
-2711
-2748
-2756
-2782
-2792
-2810
-2820
-2828
-2836
-2836
-2844
-2834
-2844
-2823
-2832
-2803
-2811
-2773
-2782
-2735
-2742
-2687
-2694
-2631
-2637
-2566
-2573
-2491
-2499
-2410
-2416
-2319
-2326
-2221
-2228
-2116
-2122
-2004
-2009
-1887
-1890
-1760
-1764
-1631
-1633
-1493
-1496
-1352
-1355
-1207
-1209
-1057
-1059
-904
-904
-749
-747
-591
-589
-428
-427
-267
-265
-102
-101
60
63
223
226
385
389
546
550
705
710
864
866
1013
1022
1165
1175
1316
1319
1455
1464
1595
1602
1728
1735
1855
1861
1973
1982
2087
2096
2196
2204
2294
2303
2386
2397
2471
2481
2546
2557
2614
2624
2673
2683
2724
2733
2764
2774
2796
2806
2820
2829
2831
2842
2834
2845
2829
2840
2813
2825
2791
2799
2756
2766
2713
2722
2662
2670
2601
2609
2533
2539
2454
2461
2368
2375
2276
2281
2174
2180
2066
2071
1950
1956
1826
1832
1701
1705
1568
1572
1428
1431
1285
1289
1137
1140
986
987
830
833
674
674
515
516
353
353
190
189
28
25
-137
-139
-300
-301
-460
-463
-621
-624
-779
-783
-935
-939
-1087
-1092
-1236
-1242
-1381
-1387
-1521
-1529
-1656
-1664
-1785
-1793
-1910
-1919
-2029
-2035
-2139
-2147
-2243
-2251
-2338
-2347
-2427
-2436
-2509
-2517
-2580
-2589
-2644
-2653
-2699
-2707
-2746
-2754
-2783
-2791
-2810
-2818
-2828
-2836
-2836
-2845
-2836
-2846
-2827
-2835
-2805
-2816
-2778
-2787
-2741
-2749
-2693
-2702
-2638
-2646
-2573
-2582
-2500
-2507
-2419
-2426
-2331
-2336
-2232
-2239
-2129
-2133
-2017
-2021
-1898
-1903
-1774
-1777
-1643
-1645
-1507
-1510
-1367
-1368
-1221
-1223
-1073
-1073
-918
-920
-765
-763
-604
-604
-442
-443
-282
-281
-119
-118
45
47
208
210
370
374
532
535
690
696
846
852
1001
1006
1153
1160
1299
1307
1443
1451
1581
1588
1713
1722
1841
1849
1962
1970
2077
2086
2183
2193
2285
2294
2377
2387
2463
2473
2539
2549
2607
2617
2668
2678
2718
2729
2761
2770
2794
2803
2817
2828
2830
2841
2836
2845
2831
2841
2817
2827
2794
2802
2762
2769
2719
2728
2668
2676
2609
2616
2354
2363
2443
2451
2520
2530
2592
2600
2653
2662
2707
2716
2752
2760
2787
2796
2811
2820
2828
2837
2836
2845
2832
2842
2820
2830
2800
2809
2770
2779
2732
2738
2682
2690
2624
2632
2559
2566
2484
2490
2401
2407
2311
2317
2214
2218
2108
2112
1993
1998
1873
1879
1747
1752
1617
1621
1482
1484
1340
1341
1193
1194
1044
1044
889
890
732
733
574
573
413
413
253
250
88
86
-76
-78
-237
-241
-400
-404
-561
-566
-721
-726
-878
-883
-1031
-1037
-1181
-1188
-1327
-1334
-1471
-1477
-1607
-1614
-1739
-1747
-1865
-1873
-1985
-1993
-2100
-2107
-2205
-2213
-2304
-2313
-2397
-2405
-2479
-2488
-2553
-2563
-2620
-2630
-2679
-2689
-2728
-2738
-2768
-2777
-2801
-2810
-2823
-2831
-2834
-2842
-2836
-2845
-2831
-2839
-2814
-2822
-2788
-2797
-2753
-2761
-2710
-2718
-2657
-2665
-2595
-2603
-2525
-2533
-2447
-2455
-2360
-2368
-2265
-2272
-2166
-2171
-2057
-2061
-1939
-1945
-1819
-1822
-1689
-1694
-1555
-1559
-1417
-1420
-1273
-1276
-1125
-1128
-973
-975
-818
-820
-661
-661
-502
-502
-339
-338
-178
-176
-13
-13
150
152
313
315
472
476
634
637
792
796
946
951
1099
1105
1248
1253
1394
1398
1532
1539
1669
1674
1797
1803
1921
1927
2038
2044
2146
2155
2250
2258
2348
2355
2434
2443
2514
2523
2585
2596
2648
2658
2701
2712
2749
2757
2785
2793
2811
2820
2828
2837
2837
2845
2834
2844
2824
2832
2804
2813
2775
2784
2735
2744
2686
2696
2632
2639
2568
2574
2492
2499
2411
2416
2321
2326
2223
2228
2118
2122
2005
2009
1887
1890
1761
1765
1632
1633
1496
1498
1353
1356
1205
1209
1058
1058
904
904
747
748
590
589
429
428
266
264
104
100
-60
-63
-223
-226
-384
-389
-546
-551
-705
-710
-863
-868
-1016
-1023
-1168
-1173
-1314
-1320
-1458
-1463
-1594
-1602
-1725
-1735
-1853
-1861
-1973
-1982
-2088
-2095
-2196
-2203
-2295
-2302
-2386
-2397
-2471
-2480
-2546
-2557
-2614
-2624
-2674
-2683
-2724
-2733
-2764
-2773
-2795
-2806
-2819
-2829
-2832
-2842
-2836
-2846
-2830
-2840
-2816
-2825
-2792
-2800
-2758
-2766
-2715
-2723
-2664
-2671
-2603
-2611
-2536
-2541
-2458
-2463
-2372
-2377
-2277
-2283
-2177
-2182
-2069
-2074
-1954
-1958
-1833
-1836
-1704
-1707
-1571
-1573
-1431
-1434
-1288
-1291
-1141
-1143
-990
-990
-834
-836
-678
-678
-519
-517
-358
-355
-195
-192
-30
-27
133
135
295
299
457
462
619
622
777
781
930
937
1084
1089
1232
1239
1380
1385
1518
1525
1653
1660
1784
1790
1907
1916
2024
2033
2136
2144
2239
2248
2334
2345
2425
2434
2505
2514
2577
2587
2640
2650
2695
2705
2742
2751
2777
2788
2805
2815
2824
2835
2832
2843
2832
2842
2823
2832
2805
2814
2775
2786
2739
2747
2692
2699
2633
2645
2571
2579
2499
2505
2417
2425
2329
2335
2231
2237
2127
2132
2015
2020
1897
1902
1772
1776
1643
1647
1506
1511
1366
1368
1222
1222
1068
1072
917
919
764
763
605
604
445
443
282
281
120
117
-43
-46
-208
-211
-370
-373
-530
-535
-690
-695
-848
-853
-1003
-1008
-1153
-1159
-1300
-1307
-1444
-1450
-1582
-1589
-1715
-1721
-1842
-1848
-1964
-1971
-2077
-2085
-2184
-2192
-2286
-2295
-2379
-2387
-2463
-2471
-2540
-2549
-2608
-2617
-2667
-2677
-2718
-2728
-2759
-2769
-2793
-2802
-2815
-2825
-2830
-2839
-2835
-2844
-2829
-2839
-2816
-2825
-2794
-2801
-2760
-2768
-2719
-2726
-2668
-2676
-2606
-2616
-2540
-2546
-2462
-2470
-2377
-2384
-2285
-2290
-2183
-2189
-2077
-2082
-1962
-1967
-1842
-1846
-1714
-1717
-1582
-1584
-1444
-1446
-1301
-1303
-1154
-1154
-1002
-1003
-849
-848
-691
-691
-529
-530
-369
-369
-208
-207
-44
-41
120
122
282
285
445
448
606
608
762
768
918
924
1073
1078
1220
1228
1366
1372
1507
1514
1644
1650
1774
1781
1899
1905
2016
2025
2128
2136
2232
2241
2329
2339
2419
2427
2499
2508
2572
2582
2636
2646
2693
2702
2740
2749
2777
2787
2806
2815
2824
2835
2833
2844
2834
2843
2826
2835
2806
2815
2779
2788
2742
2751
2696
2703
2642
2650
2577
2586
2506
2513
2426
2433
2337
2344
2241
2247
2137
2143
2026
2031
1908
1913
1784
1790
1655
1659
1519
1522
1377
1381
1233
1236
1084
1086
932
934
778
778
619
619
457
459
297
297
133
133
-29
-32
-194
-195
-355
-358
-517
-520
-677
-681
-834
-839
-988
-993
-1139
-1144
-1288
-1294
-1431
-1437
-1569
-1577
-1702
-1710
-1832
-1838
-1953
-1960
-2067
-2076
-2175
-2184
-2276
-2285
-2370
-2379
-2456
-2465
-2535
-2543
-2603
-2612
-2662
-2673
-2716
-2724
-2759
-2767
-2792
-2801
-2816
-2824
-2831
-2840
-2835
-2846
-2831
-2842
-2819
-2828
-2797
-2806
-2765
-2773
-2723
-2731
-2673
-2681
-2615
-2623
-2547
-2554
-2470
-2478
-2386
-2393
-2295
-2301
-2195
-2200
-2087
-2092
-1973
-1978
-1853
-1857
-1726
-1730
-1594
-1598
-1456
-1460
-1314
-1316
-1167
-1170
-1017
-1018
-863
-863
-705
-705
-547
-547
-386
-385
-225
-222
-61
-58
102
106
266
269
427
432
589
592
749
751
902
909
1054
1062
1204
1213
1352
1359
1493
1500
1630
1637
1761
1767
1884
1893
2003
2013
2114
2125
2221
2230
2319
2328
2408
2419
2490
2500
2565
2574
2631
2639
2688
2697
2734
2745
2774
2783
2803
2813
2823
2833
2833
2843
2835
2844
2826
2836
2809
2819
2782
2791
2746
2755
2702
2709
2646
2655
2583
2593
2512
2519
2431
2440
2343
2351
2250
2256
2146
2152
2035
2041
1920
1924
1795
1800
1666
1671
1532
1535
1392
1395
1249
1249
1098
1099
945
947
791
791
632
633
473
472
312
309
150
147
-15
-17
-178
-181
-340
-345
-502
-507
-663
-667
-819
-825
-973
-980
-1125
-1131
-1273
-1280
-1418
-1424
-1556
-1564
-1690
-1698
-1818
-1826
-1939
-1949
-2055
-2065
-2166
-2174
-2268
-2276
-2361
-2370
-2448
-2457
-2526
-2535
-2595
-2606
-2657
-2668
-2710
-2720
-2755
-2764
-2787
-2798
-2814
-2823
-2830
-2840
-2837
-2845
-2832
-2842
-2822
-2830
-2799
-2808
-2768
-2777
-2728
-2736
-2679
-2687
-2619
-2629
-2553
-2561
-2479
-2486
-2396
-2403
-2304
-2310
-2204
-2211
-2099
-2104
-1986
-1991
-1865
-1869
-1739
-1742
-1607
-1611
-1470
-1473
-1329
-1331
-1180
-1184
-1031
-1033
-877
-879
-720
-720
-562
-561
-401
-401
-238
-236
-75
-74
88
90
251
254
414
416
574
578
733
737
889
894
1045
1048
1192
1198
1339
1345
1481
1487
1617
1624
1748
1756
1876
1882
1994
2002
2107
2115
2213
2221
2311
2320
2403
2410
2484
2493
2559
2568
2625
2634
2682
2692
2730
2741
2770
2780
2801
2811
2820
2831
2834
2843
2835
2846
2828
2838
2813
2822
2785
2795
2750
2759
2708
2715
2655
2661
2591
2599
2522
2528
2441
2448
2353
2361
2260
2267
2156
2163
2048
2054
1931
1936
1809
1812
1680
1683
1546
1548
1406
1408
1261
1264
1114
1114
961
963
807
808
649
649
490
489
327
326
164
163
1
-1
-163
-165
-325
-328
-487
-490
-647
-651
-805
-809
-960
-965
-1113
-1117
-1259
-1265
-1405
-1410
-1543
-1550
-1677
-1685
-1806
-1815
-1930
-1936
-2046
-2053
-2156
-2164
-2258
-2266
-2352
-2361
-2439
-2448
-2518
-2528
-2589
-2599
-2651
-2660
-2705
-2715
-2750
-2759
-2783
-2793
-2811
-2820
-2826
-2836
-2835
-2843
-2834
-2841
-2820
-2830
-2802
-2809
-2770
-2779
-2732
-2739
-2684
-2691
-2626
-2634
-2560
-2567
-2486
-2493
-2402
-2410
-2314
-2319
-2215
-2221
-2109
-2114
-1996
-2001
-1877
-1881
-1751
-1755
-1621
-1624
-1485
-1487
-1341
-1343
-1196
-1197
-1047
-1046
-891
-892
-736
-736
-577
-576
-417
-415
-255
-253
-92
-88
71
75
235
239
398
402
559
563
717
722
874
880
1032
1034
1178
1185
1325
1334
1468
1476
1604
1612
1738
1744
1863
1871
1984
1992
2095
2106
2202
2211
2303
2312
2394
2404
2475
2487
2553
2562
2620
2629
2676
2688
2726
2736
2767
2777
2797
2807
2820
2828
2833
2841
2835
2844
2828
2838
2812
2823
2788
2798
2754
2761
2711
2718
2657
2665
2596
2604
2527
2534
2446
2456
2362
2370
2268
2275
2163
2173
2056
2062
1940
1948
1821
1823
1691
1694
1558
1561
1419
1422
1274
1278
1129
1129
976
977
823
821
664
663
505
503
341
341
180
178
17
14
-145
-150
-309
-313
-472
-475
-632
-636
-791
-795
-945
-950
-1098
-1103
-1245
-1252
-1390
-1396
-1531
-1538
-1666
-1673
-1795
-1803
-1919
-1927
-2036
-2044
-2146
-2155
-2250
-2257
-2345
-2352
-2434
-2442
-2513
-2522
-2584
-2592
-2647
-2656
-2702
-2711
-2746
-2756
-2782
-2792
-2809
-2818
-2826
-2835
-2834
-2843
-2833
-2842
-2823
-2832
-2801
-2811
-2773
-2781
-2734
-2743
-2687
-2694
-2631
-2637
-2564
-2572
-2492
-2499
-2410
-2416
-2319
-2325
-2223
-2227
-2119
-2122
-2006
-2009
-1886
-1890
-1762
-1766
-1632
-1635
-1494
-1497
-1354
-1355
-1209
-1210
-1058
-1060
-905
-905
-750
-748
-591
-590
-430
-428
-267
-267
-105
-103
57
62
221
225
384
388
545
549
703
709
859
867
1019
1021
1165
1171
1312
1320
1455
1463
1593
1600
1727
1734
1852
1861
1971
1982
2087
2095
2194
2203
2293
2303
2385
2396
2470
2480
2546
2556
2615
2624
2672
2683
2724
2732
2765
2774
2796
2805
2818
2828
2831
2841
2836
2845
2829
2839
2814
2824
2791
2800
2757
2765
2715
2724
2664
2671
2603
2612
2533
2540
2456
2464
2370
2377
2275
2282
2174
2182
2067
2073
1952
1958
1830
1835
1703
1708
1571
1572
1430
1434
1288
1291
1141
1140
989
990
833
835
677
678
519
517
357
355
193
192
31
29
-133
-135
-295
-298
-457
-461
-617
-621
-776
-780
-932
-935
-1085
-1089
-1233
-1239
-1378
-1384
-1519
-1526
-1654
-1661
-1784
-1791
-1908
-1915
-2026
-2034
-2136
-2145
-2240
-2249
-2338
-2346
-2425
-2434
-2507
-2515
-2578
-2588
-2642
-2651
-2696
-2706
-2743
-2752
-2780
-2789
-2807
-2817
-2826
-2836
-2835
-2843
-2837
-2844
-2826
-2834
-2806
-2815
-2779
-2786
-2741
-2748
-2694
-2701
-2639
-2646
-2574
-2583
-2502
-2509
-2420
-2427
-2331
-2337
-2235
-2240
-2130
-2134
-2017
-2023
-1900
-1905
-1775
-1779
-1644
-1647
-1510
-1511
-1368
-1370
-1224
-1224
-1075
-1076
-922
-921
-765
-766
-607
-606
-446
-446
-285
-284
-121
-120
41
44
204
208
367
371
527
533
686
692
846
849
999
1005
1151
1156
1296
1304
1440
1447
1577
1586
1711
1720
1836
1847
1959
1968
2074
2084
2181
2191
2283
2292
2374
2384
2461
2470
2538
2549
2606
2615
2667
2678
2719
2728
2760
2769
2790
2802
2816
2826
2830
2841
2834
2845
2829
2841
2816
2826
2794
2803
2760
2770
2719
2729
2669
2677
2610
2617
2542
2549
2464
2472
2379
2386
2286
2294
2186
2193
2080
2085
1962
1969
1842
1847
1716
1720
1583
1587
1446
1448
1302
1304
1156
1158
1007
1006
851
850
693
692
533
533
371
371
209
209
46
45
-118
-119
-281
-282
-442
-445
-603
-605
-760
-765
-918
-922
-1068
-1075
-1219
-1224
-1363
-1370
-1504
-1510
-1640
-1647
-1771
-1778
-1896
-1903
-2013
-2022
-2125
-2132
-2230
-2238
-2326
-2335
-2415
-2425
-2497
-2507
-2570
-2580
-2634
-2645
-2690
-2700
-2738
-2746
-2776
-2785
-2804
-2814
-2825
-2833
-2835
-2844
-2834
-2844
-2826
-2835
-2808
-2816
-2779
-2789
-2744
-2752
-2697
-2705
-2642
-2651
-2581
-2588
-2508
-2515
-2428
-2434
-2340
-2345
-2243
-2249
-2139
-2144
-2029
-2033
-1911
-1915
-1786
-1791
-1657
-1660
-1522
-1525
-1382
-1384
-1237
-1238
-1088
-1089
-935
-936
-780
-780
-621
-621
-461
-461
-298
-297
-137
-134
29
30
191
194
353
356
515
518
674
679
832
838
985
991
1139
1143
1287
1291
1430
1435
1568
1575
1702
1708
1829
1836
1951
1958
2065
2074
2173
2182
2275
2284
2369
2377
2455
2463
2532
2540
2601
2609
2661
2671
2713
2722
2755
2765
2790
2799
2815
2824
2829
2838
2835
2844
2831
2841
2818
2827
2794
2804
2762
2773
2724
2732
2673
2681
2614
2622
2546
2555
2471
2479
2388
2393
2296
2301
2196
2201
2088
2095
1973
1979
1856
1859
1729
1731
1597
1599
1457
1461
1315
1318
1169
1170
1024
1018
866
865
707
707
549
548
387
386
224
223
61
60
-102
-103
-266
-267
-426
-430
-587
-591
-747
-750
-902
-907
-1055
-1060
-1206
-1211
-1352
-1358
-1491
-1499
-1627
-1635
-1758
-1767
-1883
-1891
-2003
-2011
-2116
-2123
-2221
-2227
-2318
-2327
-2408
-2416
-2491
-2500
-2564
-2573
-2628
-2639
-2686
-2695
-2734
-2742
-2772
-2781
-2801
-2811
-2821
-2832
-2831
-2842
-2833
-2843
-2825
-2834
-2808
-2818
-2781
-2790
-2746
-2753
-2701
-2708
-2648
-2654
-2585
-2592
-2512
-2519
-2434
-2439
-2345
-2353
-2249
-2256
-2147
-2152
-2037
-2042
-1920
-1924
-1798
-1801
-1668
-1672
-1533
-1535
-1394
-1395
-1249
-1251
-1100
-1102
-949
-948
-794
-793
-634
-634
-475
-473
-314
-312
-150
-148
12
16
176
179
338
342
501
505
661
665
818
822
974
978
1127
1131
1273
1278
1415
1424
1556
1563
1689
1697
1817
1825
1940
1949
2055
2065
2164
2174
2267
2276
2361
2370
2448
2456
2527
2535
2596
2606
2657
2667
2711
2720
2753
2763
2789
2799
2814
2822
2829
2839
2836
2844
2832
2842
2821
2830
2798
2807
2768
2778
2728
2737
2679
2686
2621
2629
2554
2562
2480
2485
2396
2402
2303
2311
2206
2212
2099
2103
1986
1991
1866
1872
1739
1745
1608
1612
1472
1475
1328
1331
1184
1185
1033
1033
881
879
722
723
563
563
402
401
241
239
79
75
-87
-89
-249
-253
-411
-414
-573
-575
-732
-736
-889
-892
-1041
-1047
-1191
-1198
-1338
-1344
-1479
-1486
-1616
-1624
-1748
-1755
-1874
-1882
-1993
-2000
-2106
-2114
-2212
-2220
-2310
-2319
-2402
-2411
-2486
-2494
-2559
-2567
-2626
-2634
-2683
-2691
-2732
-2741
-2771
-2780
-2801
-2810
-2823
-2832
-2834
-2844
-2836
-2844
-2830
-2837
-2813
-2821
-2787
-2795
-2752
-2760
-2708
-2715
-2653
-2661
-2592
-2599
-2521
-2527
-2443
-2448
-2356
-2361
-2260
-2266
-2158
-2163
-2048
-2052
-1931
-1936
-1810
-1812
-1682
-1684
-1548
-1550
-1408
-1409
-1264
-1265
-1116
-1116
-963
-964
-808
-808
-651
-650
-490
-489
-328
-327
-165
-163
-3
0
160
164
323
327
484
488
643
649
802
806
956
964
1109
1117
1259
1264
1401
1409
1541
1549
1676
1684
1805
1814
1927
1936
2045
2053
2155
2163
2256
2266
2351
2361
2438
2447
2517
2528
2590
2599
2652
2661
2707
2714
2748
2760
2786
2795
2810
2820
2826
2837
2836
2845
2833
2843
2821
2832
2801
2811
2771
2781
2730
2741
2684
2693
2626
2635
2561
2569
2486
2494
2403
2411
2314
2320
2215
2220
2109
2114
1998
2002
1876
1882
1752
1756
1620
1625
1485
1487
1342
1344
1195
1199
1049
1049
897
894
736
737
577
577
416
416
255
254
91
90
-73
-74
-234
-238
-396
-400
-558
-561
-717
-721
-874
-878
-1027
-1033
-1179
-1184
-1325
-1331
-1466
-1472
-1604
-1610
-1736
-1743
-1862
-1869
-1981
-1990
-2096
-2103
-2202
-2210
-2301
-2309
-2392
-2401
-2476
-2485
-2552
-2561
-2618
-2628
-2677
-2685
-2728
-2736
-2767
-2776
-2799
-2808
-2821
-2829
-2833
-2842
-2836
-2845
-2830
-2839
-2814
-2823
-2789
-2798
-2755
-2764
-2712
-2719
-2660
-2666
-2597
-2605
-2528
-2535
-2451
-2457
-2365
-2371
-2270
-2276
-2169
-2174
-2061
-2064
-1943
-1948
-1822
-1826
-1695
-1697
-1560
-1563
-1420
-1424
-1277
-1279
-1129
-1131
-979
-977
-822
-823
-665
-663
-506
-503
-344
-341
-181
-179
-18
-15
145
149
308
313
470
474
630
634
788
792
944
948
1095
1101
1244
1250
1390
1397
1529
1537
1663
1671
1792
1801
1915
1925
2033
2041
2143
2153
2247
2257
2342
2352
2431
2441
2512
2521
2582
2593
2645
2656
2699
2709
2746
2756
2781
2793
2809
2820
2826
2838
2834
2846
2833
2844
2823
2833
2803
2813
2774
2784
2735
2745
2689
2698
2631
2641
2568
2576
2492
2502
2412
2420
2321
2329
2223
2231
2120
2126
2007
2013
1889
1894
1763
1769
1632
1637
1496
1501
1357
1359
1209
1212
1064
1064
911
909
750
753
594
594
433
433
270
269
107
106
-56
-57
-219
-221
-383
-384
-543
-547
-701
-706
-858
-864
-1012
-1018
-1163
-1170
-1311
-1317
-1451
-1459
-1591
-1597
-1723
-1729
-1850
-1857
-1971
-1976
-2084
-2092
-2191
-2199
-2291
-2300
-2384
-2392
-2469
-2476
-2544
-2552
-2611
-2621
-2671
-2680
-2721
-2730
-2761
-2771
-2793
-2803
-2817
-2826
-2830
-2839
-2833
-2843
-2829
-2838
-2814
-2823
-2790
-2798
-2757
-2766
-2715
-2723
-2663
-2671
-2603
-2610
-2535
-2541
-2457
-2463
-2370
-2376
-2279
-2283
-2177
-2182
-2069
-2074
-1953
-1957
-1832
-1836
-1705
-1709
-1571
-1574
-1433
-1435
-1290
-1292
-1143
-1145
-990
-993
-837
-837
-681
-679
-518
-518
-358
-356
-196
-194
-33
-31
131
134
293
297
454
459
615
620
774
778
929
934
1083
1086
1233
1237
1376
1383
1517
1524
1652
1660
1782
1789
1904
1913
2024
2031
2135
2144
2238
2247
2336
2343
2423
2432
2502
2514
2575
2586
2639
2650
2696
2707
2742
2752
2778
2788
2805
2815
2824
2834
2833
2844
2832
2843
2824
2833
2805
2815
2776
2785
2738
2747
2692
2701
2637
2645
2571
2580
2498
2506
2417
2426
2328
2336
2231
2238
2125
2134
2017
2022
1899
1904
1773
1779
1644
1649
1509
1512
1369
1372
1223
1225
1077
1075
924
922
764
765
606
608
447
446
284
284
121
120
-41
-43
-206
-207
-368
-371
-529
-532
-688
-692
-844
-850
-1001
-1005
-1151
-1156
-1298
-1304
-1441
-1448
-1580
-1586
-1714
-1719
-1840
-1846
-1961
-1968
-2076
-2083
-2185
-2191
-2284
-2291
-2378
-2386
-2463
-2471
-2540
-2549
-2607
-2617
-2668
-2676
-2719
-2727
-2760
-2769
-2793
-2803
-2816
-2825
-2831
-2839
-2837
-2845
-2832
-2839
-2817
-2825
-2794
-2802
-2761
-2769
-2720
-2727
-2670
-2676
-2610
-2617
-2542
-2548
-2466
-2471
-2379
-2385
-2288
-2293
-2186
-2192
-2079
-2084
-1965
-1969
-1843
-1848
-1716
-1720
-1585
-1587
-1448
-1448
-1305
-1306
-1158
-1158
-1005
-1006
-852
-851
-695
-693
-535
-533
-374
-372
-213
-210
-49
-45
116
119
277
282
440
444
601
606
758
765
914
921
1065
1075
1219
1225
1364
1369
1502
1511
1639
1646
1771
1779
1895
1903
2014
2022
2124
2134
2230
2239
2326
2336
2416
2426
2497
2508
2571
2580
2636
2646
2692
2701
2739
2748
2773
2786
2804
2815
2825
2835
2835
2844
2835
2845
2827
2836
2808
2818
2781
2790
2744
2753
2698
2706
2643
2651
2581
2587
2391
2400
2476
2483
2550
2560
2616
2627
2675
2685
2724
2735
2766
2776
2795
2807
2818
2829
2830
2841
2833
2845
2827
2838
2811
2823
2786
2797
2754
2762
2709
2718
2657
2666
2596
2605
2528
2535
2448
2456
2361
2369
2270
2275
2167
2173
2058
2064
1944
1948
1821
1826
1692
1696
1558
1562
1420
1424
1276
1279
1128
1131
978
979
821
824
664
665
504
504
343
342
181
180
16
15
-145
-148
-309
-311
-471
-475
-632
-634
-788
-793
-945
-948
-1098
-1101
-1246
-1251
