1651 9 80000000 0 1388 9
31
30
-129
-133
-292
-295
-453
-457
-612
-617
-769
-773
-923
-928
-1075
-1081
-1223
-1229
-1366
-1373
-1506
-1513
-1640
-1648
-1770
-1776
-1892
-1900
-2010
-2018
-2119
-2128
-2223
-2232
-2318
-2327
-2406
-2416
-2487
-2495
-2558
-2568
-2622
-2632
-2678
-2686
-2723
-2732
-2760
-2769
-2788
-2796
-2805
-2815
-2815
-2822
-2815
-2823
-2805
-2814
-2787
-2794
-2757
-2766
-2722
-2729
-2675
-2682
-2619
-2626
-2555
-2563
-2485
-2489
-2403
-2409
-2314
-2319
-2218
-2223
-2114
-2119
-2002
-2007
-1885
-1889
-1762
-1765
-1633
-1636
-1499
-1501
-1358
-1361
-1216
-1216
-1066
-1068
-915
-915
-760
-759
-603
-602
-442
-442
-281
-281
-121
-119
43
44
204
207
364
368
524
529
682
688
838
845
992
999
1142
1148
1288
1295
1430
1438
1568
1575
1698
1707
1826
1834
1944
1955
2060
2069
2168
2176
2267
2277
2359
2368
2443
2453
2520
2531
2588
2598
2648
2657
2697
2709
2739
2751
2771
2784
2795
2807
1251
1256
1394
1401
1533
1539
1667
1673
1794
1801
1916
1925
2032
2040
2142
2148
2242
2251
2338
2347
2423
2432
2502
2511
2572
2582
2634
2642
2685
2695
2730
2740
2769
2775
2792
2801
2808
2818
2817
2824
2814
2822
2802
2811
2782
2789
2752
2760
2712
2721
2664
2673
2608
2616
2544
2550
2469
2475
2386
2392
2298
2302
2198
2204
2094
2100
1982
1986
1864
1868
1740
1742
1608
1612
1473
1476
1331
1335
1187
1189
1036
1038
885
886
732
731
571
572
415
412
253
251
90
88
-72
-75
-232
-236
-395
-398
-554
-559
-712
-718
-867
-874
-1021
-1027
-1171
-1176
-1315
-1323
-1456
-1464
-1593
-1601
-1725
-1733
-1850
-1858
-1969
-1977
-2081
-2091
-2187
-2196
-2286
-2295
-2376
-2386
-2461
-2469
-2535
-2545
-2601
-2611
-2658
-2669
-2709
-2719
-2749
-2758
-2780
-2789
-2801
-2811
-2813
-2823
-2816
-2826
-2811
-2820
-2796
-2805
-2771
-2779
-2736
-2744
-2693
-2701
-2641
-2649
-2581
-2589
-2512
-2518
-2434
-2441
-2347
-2354
-2253
-2260
-2153
-2159
-2046
-2050
-1930
-1935
-1808
-1813
-1682
-1685
-1549
-1552
-1411
-1413
-1268
-1270
-1121
-1123
-970
-972
-817
-817
-661
-659
-500
-500
-342
-340
-180
-177
-18
-15
143
148
306
310
467
471
625
630
782
788
938
942
1087
1094
1236
1242
1378
1387
1518
1525
1652
1659
1780
1787
1904
1912
2019
2028
2129
2138
2233
2241
2326
2336
2414
2424
2494
2502
2566
2575
2627
2638
2680
2690
2727
2736
2762
2773
2789
2799
2807
2816
2816
2825
2815
2824
2804
2813
2784
2792
2755
2765
2716
2725
2670
2678
2614
2622
2551
2556
2478
2483
2395
2401
2306
2312
2210
2214
2104
2110
1993
1998
1877
1880
1750
1755
1622
1625
1487
1490
1347
1348
1202
1204
1052
1054
900
902
747
745
588
588
429
427
269
266
105
104
-57
-59
-219
-221
-379
-383
-539
-543
-698
-701
-852
-859
-1006
-1012
-1156
-1162
-1302
-1308
-1444
-1451
-1579
-1587
-1710
-1719
-1837
-1845
-1956
-1965
-2069
-2080
-2175
-2185
-2276
-2284
-2368
-2377
-2451
-2460
-2527
-2536
-2594
-2604
-2651
-2663
-2702
-2713
-2743
-2753
-2775
-2786
-2799
-2809
-2811
-2821
-2815
-2826
-2809
-2820
-2795
-2805
-2772
-2781
-2740
-2748
-2696
-2705
-2646
-2653
-2585
-2593
-2516
-2524
-2440
-2447
-2355
-2361
-2262
-2269
-2161
-2167
-2055
-2060
-1939
-1945
-1820
-1825
-1694
-1697
-1561
-1563
-1423
-1426
-1280
-1283
-1135
-1135
-985
-985
-832
-830
-674
-675
-516
-515
-357
-355
-194
-194
-34
-31
130
133
291
295
453
456
611
616
769
773
927
929
1073
1080
1223
1229
1368
1375
1508
1515
1638
1648
1769
1777
1893
1900
2008
2018
2120
2128
2223
2232
2319
2327
2406
2416
2485
2495
2558
2568
2623
2632
2676
2686
2722
2732
2759
2769
2788
2796
2807
2814
2814
2824
2813
2823
2805
2813
2786
2794
2758
2766
2719
2728
2675
2683
2618
2627
2553
2563
2483
2489
2402
2409
2313
2320
2219
2223
2114
2120
2005
2008
1886
1890
1763
1767
1633
1637
1498
1502
1358
1361
1216
1217
1064
1068
912
915
762
760
604
602
443
443
282
282
121
118
-41
-44
-205
-207
-366
-369
-526
-529
-683
-688
-839
-844
-992
-998
-1144
-1148
-1289
-1295
-1430
-1437
-1569
-1575
-1700
-1708
-1825
-1834
-1947
-1956
-2062
-2069
-2166
-2176
-2267
-2277
-2361
-2370
-2444
-2454
-2520
-2529
-2588
-2598
-2647
-2658
-2698
-2707
-2740
-2750
-2772
-2782
-2796
-2806
-2810
-2819
-2815
-2823
-2810
-2820
-2797
-2806
-2774
-2781
-2741
-2748
-2699
-2707
-2649
-2656
-2590
-2597
-2522
-2529
-2446
-2453
-2362
-2367
-2270
-2276
-2170
-2175
-2063
-2069
-1949
-1954
-1830
-1834
-1704
-1706
-1572
-1574
-1436
-1437
-1293
-1296
-1146
-1149
-997
-997
-845
-844
-690
-688
-530
-528
-369
-367
-208
-206
-45
-45
116
119
278
282
438
443
598
602
753
761
912
916
1066
1067
1212
1217
1355
1361
1494
1502
1629
1637
1761
1768
1884
1891
1998
2009
2111
2120
2214
2225
2311
2321
2400
2410
2480
2492
2553
2564
2618
2627
2673
2684
2720
2730
2757
2767
2786
2796
2803
2815
2816
2825
2815
2824
2807
2815
2788
2798
2761
2770
2724
2733
2678
2688
2625
2633
2559
2571
2490
2497
2408
2418
2321
2330
2226
2232
2122
2129
2015
2019
1899
1904
1775
1778
1645
1649
1512
1515
1373
1374
1229
1230
1078
1084
929
930
774
775
619
617
459
458
299
296
136
133
-26
-29
-188
-192
-348
-353
-510
-515
-668
-673
-825
-829
-980
-984
-1129
-1135
-1276
-1282
-1417
-1425
-1556
-1562
-1688
-1696
-1815
-1823
-1936
-1945
-2049
-2060
-2157
-2167
-2259
-2268
-2353
-2361
-2437
-2446
-2514
-2524
-2583
-2593
-2645
-2653
-2695
-2706
-2738
-2748
-2772
-2781
-2795
-2805
-2810
-2820
-2816
-2826
-2813
-2821
-2800
-2809
-2778
-2787
-2746
-2756
-2704
-2715
-2655
-2665
-2598
-2606
-2531
-2540
-2454
-2463
-2370
-2378
-2280
-2286
-2181
-2187
-2075
-2081
-1962
-1967
-1843
-1847
-1716
-1721
-1584
-1589
-1449
-1452
-1308
-1310
-1162
-1163
-1012
-1013
-860
-860
-703
-702
-545
-544
-386
-383
-225
-223
-63
-60
101
102
262
265
424
426
582
586
739
745
896
899
1052
1054
1196
1202
1341
1346
1481
1488
1617
1623
1746
1754
1870
1878
1988
1996
2100
2108
2204
2213
2300
2310
2391
2400
2472
2482
2548
2556
2611
2620
2669
2677
2716
2725
2754
2762
2782
2792
2803
2813
2813
2824
2814
2825
2807
2816
2789
2799
2764
2772
2728
2737
2683
2691
2630
2638
2569
2575
2496
2504
2418
2425
2332
2338
2235
2242
2133
2139
2026
2030
1907
1913
1785
1790
1657
1662
1523
1526
1385
1388
1240
1242
1093
1097
943
943
786
789
632
632
472
472
312
311
150
149
-12
-14
-174
-176
-336
-339
-495
-500
-653
-658
-812
-816
-965
-970
-1116
-1121
-1263
-1268
-1406
-1412
-1543
-1550
-1675
-1683
-1804
-1812
-1924
-1934
-2041
-2049
-2149
-2156
-2249
-2259
-2344
-2352
-2429
-2438
-2507
-2517
-2577
-2587
-2638
-2648
-2691
-2699
-2734
-2744
-2769
-2778
-2792
-2802
-2809
-2818
-2816
-2825
-2814
-2822
-2802
-2810
-2779
-2788
-2750
-2758
-2710
-2718
-2662
-2669
-2604
-2611
-2537
-2545
-2461
-2469
-2380
-2386
-2291
-2296
-2191
-2197
-2086
-2089
-1972
-1978
-1854
-1860
-1730
-1732
-1599
-1601
-1462
-1465
-1321
-1323
-1176
-1177
-1026
-1027
-873
-874
-718
-718
-560
-560
-400
-399
-238
-238
-77
-75
86
87
248
251
409
412
568
573
727
731
881
886
1038
1039
1183
1189
1328
1334
1469
1476
1604
1612
1735
1742
1858
1867
1977
1986
2090
2099
2194
2204
2292
2302
2383
2392
2464
2475
2539
2549
2603
2615
2662
2673
2710
2721
2751
2760
2780
2791
2801
2812
2813
2822
2815
2824
2808
2817
2793
2802
2769
2776
2733
2741
2689
2697
2635
2643
2573
2582
2503
2511
2425
2433
2339
2346
2245
2251
2145
2151
2034
2040
1920
1924
1797
1802
1670
1673
1537
1541
1399
1400
1256
1257
1107
1107
957
958
803
803
647
647
489
488
329
326
167
164
5
3
-159
-160
-319
-322
-479
-483
-640
-644
-795
-800
-950
-955
-1100
-1106
-1247
-1254
-1391
-1398
-1529
-1536
-1663
-1671
-1792
-1799
-1914
-1921
-2028
-2037
-2138
-2147
-2240
-2249
-2334
-2344
-2421
-2430
-2500
-2509
-2570
-2580
-2632
-2642
-2683
-2695
-2728
-2739
-2764
-2774
-2790
-2800
-2805
-2815
-2815
-2824
-2811
-2822
-2800
-2810
-2781
-2789
-2752
-2760
-2712
-2720
-2664
-2672
-2607
-2616
-2543
-2549
-2468
-2475
-2386
-2393
-2296
-2303
-2200
-2204
-2094
-2100
-1983
-1988
-1864
-1869
-1740
-1744
-1609
-1612
-1475
-1477
-1334
-1336
-1187
-1190
-1040
-1040
-887
-889
-731
-732
-574
-573
-415
-414
-253
-251
-92
-90
71
73
231
234
392
397
554
557
711
715
866
871
1019
1026
1169
1175
1314
1321
1455
1462
1591
1599
1722
1730
1847
1856
1967
1974
2079
2088
2184
2195
2285
2293
2374
2384
2459
2467
2535
2543
2600
2610
2658
2668
2708
2716
2746
2755
2778
2787
2800
2810
2812
2821
2815
2825
2808
2819
2793
2802
2767
2776
2736
2743
2692
2700
2638
2646
2579
2587
2510
2517
2432
2439
2348
2353
2253
2259
2151
2158
2044
2049
1930
1934
1808
1813
1681
1685
1549
1552
1409
1413
1268
1270
1120
1122
972
971
815
818
661
661
502
502
342
341
181
180
19
16
-144
-147
-305
-309
-465
-469
-625
-630
-783
-787
-937
-942
-1089
-1094
-1236
-1243
-1380
-1386
-1520
-1525
-1653
-1659
-1781
-1789
-1906
-1912
-2021
-2028
-2130
-2137
-2233
-2240
-2328
-2335
-2414
-2424
-2494
-2504
-2566
-2575
-2627
-2637
-2683
-2691
-2728
-2736
-2764
-2772
-2790
-2799
-2808
-2817
-2815
-2825
-2816
-2825
-2804
-2812
-2786
-2794
-2758
-2764
-2718
-2725
-2670
-2679
-2616
-2622
-2550
-2557
-2478
-2484
-2396
-2402
-2308
-2312
-2210
-2215
-2105
-2110
-1995
-1999
-1878
-1880
-1752
-1757
-1622
-1626
-1487
-1490
-1347
-1350
-1203
-1204
-1053
-1055
-903
-904
-748
-746
-590
-589
-431
-429
-269
-267
-107
-105
54
57
215
219
376
381
536
542
695
700
852
857
1011
1010
1156
1159
1298
1307
1441
1450
1578
1587
1710
1719
1835
1845
1955
1965
2070
2080
2175
2185
2276
2285
2367
2377
2450
2461
2527
2537
2594
2604
2652
2663
2701
2713
2744
2755
2777
2787
2798
2808
2812
2821
2815
2827
2812
2821
2795
2805
2773
2781
2739
2749
2697
2707
2646
2655
2586
2594
2518
2526
2441
2447
2355
2362
2263
2270
2162
2170
2054
2060
1941
1945
1821
1824
1693
1697
1559
1564
1423
1427
1282
1284
1133
1137
983
985
830
832
675
676
517
516
357
356
195
194
33
32
-128
-132
-290
-294
-451
-454
-610
-614
-767
-772
-922
-927
-1072
-1079
-1221
-1228
-1365
-1372
-1504
-1512
-1640
-1647
-1768
-1775
-1892
-1899
-2008
-2017
-2119
-2127
-2221
-2231
-2318
-2326
-2407
-2415
-2486
-2497
-2559
-2568
-2621
-2631
-2679
-2686
-2723
-2733
-2759
-2769
-2787
-2797
-2807
-2815
-2815
-2825
-2815
-2825
-2806
-2815
-2787
-2796
-2758
-2767
-2722
-2732
-2676
-2683
-2621
-2629
-2558
-2564
-2485
-2491
-2404
-2411
-2316
-2322
-2219
-2224
-2116
-2121
-2005
-2011
-1887
-1892
-1764
-1769
-1635
-1639
-1501
-1504
-1361
-1363
-1216
-1219
-1069
-1070
-917
-917
-761
-762
-605
-604
-445
-446
-284
-284
-122
-121
39
42
202
204
363
366
523
526
680
685
838
842
993
996
1141
1146
1288
1293
1428
1435
1565
1573
1699
1706
1826
1833
1946
1953
2059
2066
2166
2174
2266
2274
2359
2368
2442
2451
2520
2529
2588
2597
2649
2657
2696
2707
2738
2750
2773
2783
2795
2804
2810
2819
2817
2825
2812
2820
2799
2807
2775
2784
2744
2751
2701
2710
2652
2659
2592
2600
2526
2533
2449
2455
2365
2370
2273
2280
2171
2177
2068
2071
1953
1957
1833
1837
1707
1709
1576
1578
1439
1441
1297
1298
1150
1152
999
1002
846
848
691
690
533
532
373
371
211
210
50
47
-112
-116
-274
-278
-435
-439
-595
-600
-752
-758
-907
-913
-1059
-1066
-1208
-1214
-1352
-1358
-1492
-1499
-1627
-1635
-1758
-1764
-1881
-1887
-1997
-2006
-2108
-2116
-2212
-2221
-2308
-2318
-2397
-2407
-2478
-2488
-2551
-2561
-2615
-2624
-2670
-2681
-2718
-2727
-2756
-2764
-2784
-2794
-2804
-2813
-2813
-2823
-2814
-2823
-2806
-2815
-2788
-2797
-2761
-2769
-2725
-2733
-2679
-2688
-2625
-2633
-2562
-2569
-2490
-2498
-2411
-2418
-2324
-2330
-2228
-2233
-2127
-2131
-2016
-2021
-1900
-1903
-1776
-1779
-1648
-1651
-1513
-1515
-1374
-1376
-1230
-1232
-1084
-1083
-930
-930
-777
-776
-620
-618
-460
-459
-299
-297
-138
-135
23
27
187
190
347
352
507
511
668
671
823
829
980
982
1130
1131
1273
1280
1418
1423
1554
1562
1686
1694
1812
1820
1933
1942
2049
2058
2156
2166
2258
2266
2350
2361
2437
2444
2514
2522
2581
2592
2642
2651
2693
2703
2737
2745
2770
2778
2794
2803
2809
2818
2816
2825
2811
2820
2797
2807
2776
2785
2744
2753
2703
2711
2653
2663
2597
2606
2530
2538
2456
2462
2372
2378
2279
2287
2181
2187
2076
2081
1963
1969
1843
1848
1718
1722
1586
1589
1450
1453
1309
1310
1163
1165
1013
1014
860
861
706
705
548
546
389
386
226
224
63
61
-99
-102
-258
-264
-421
-425
-580
-586
-737
-743
-893
-899
-1045
-1051
-1195
-1202
-1341
-1346
-1480
-1486
-1616
-1622
-1745
-1752
-1869
-1877
-1987
-1996
-2099
-2108
-2204
-2213
-2301
-2311
-2391
-2399
-2472
-2482
-2545
-2555
-2611
-2620
-2666
-2676
-2714
-2724
-2752
-2763
-2782
-2791
-2803
-2812
-2812
-2822
-2815
-2824
-2808
-2816
-2790
-2799
-2764
-2772
-2728
-2736
-2683
-2692
-2630
-2637
-2568
-2575
-2496
-2505
-2417
-2425
-2332
-2337
-2237
-2241
-2134
-2140
-2026
-2029
-1911
-1914
-1787
-1791
-1660
-1662
-1525
-1528
-1387
-1388
-1244
-1245
-1096
-1097
-945
-945
-790
-791
-634
-633
-475
-474
-313
-313
-153
-152
10
11
174
175
333
337
491
497
653
657
809
814
967
969
1117
1121
1261
1266
1405
1411
1541
1549
1675
1682
1803
1810
1925
1933
2038
2048
2149
2157
2250
2259
2344
2352
2431
2438
2507
2516
2578
2587
2637
2648
2690
2700
2735
2744
2768
2778
2793
2803
2809
2818
2816
2826
2812
2822
2800
2810
2780
2789
2750
2758
2710
2718
2660
2669
2603
2611
2536
2544
2463
2470
2382
2386
2288
2296
2190
2196
2085
2091
1973
1978
1855
1858
1729
1734
1600
1601
1463
1466
1321
1323
1175
1178
1027
1029
874
874
719
720
561
561
402
400
240
238
77
75
-83
-87
-244
-248
-407
-411
-566
-571
-723
-729
-879
-885
-1032
-1037
-1182
-1188
-1326
-1332
-1467
-1474
-1603
-1611
-1733
-1742
-1859
-1866
-1978
-1986
-2090
-2099
-2194
-2204
-2293
-2303
-2384
-2393
-2466
-2476
-2539
-2549
-2606
-2615
-2664
-2673
-2711
-2721
-2750
-2761
-2780
-2792
-2803
-2811
-2813
-2823
-2818
-2826
-2810
-2819
-2794
-2802
-2769
-2777
-2733
-2742
-2690
-2698
-2636
-2645
-2575
-2584
-2506
-2514
-2427
-2434
-2341
-2348
-2247
-2253
-2146
-2151
-2036
-2043
-1921
-1926
-1799
-1805
-1672
-1676
-1538
-1540
-1401
-1403
-1258
-1259
-1110
-1111
-959
-961
-805
-806
-649
-648
-489
-489
-330
-328
-169
-167
-7
-4
156
159
318
322
478
482
638
642
794
799
952
953
1104
1106
1245
1253
1390
1396
1530
1535
1662
1669
1790
1799
1912
1920
2029
2035
2137
2146
2239
2247
2335
2341
2421
2429
2500
2508
2568
2579
2633
2641
2684
2694
2729
2738
2765
2773
2789
2800
2808
2817
2815
2824
2812
2823
2801
2812
2781
2791
2752
2761
2714
2722
2666
2673
2609
2617
2543
2551
2472
2477
2388
2395
2298
2305
2202
2208
2097
2102
1985
1991
1867
1872
1742
1745
1612
1615
1476
1479
1336
1337
1190
1192
1041
1043
889
890
733
734
576
576
417
417
256
254
94
91
-68
-70
-231
-234
-391
-395
-551
-556
-709
-714
-864
-870
-1018
-1023
-1168
-1173
-1312
-1319
-1454
-1460
-1589
-1597
-1720
-1728
-1845
-1855
-1967
-1974
-2078
-2088
-2184
-2192
-2282
-2291
-2374
-2384
-2456
-2466
-2533
-2541
-2600
-2608
-2657
-2665
-2706
-2715
-2745
-2756
-2778
-2787
-2799
-2808
-2811
-2822
-2815
-2825
-2808
-2819
-2793
-2803
-2770
-2778
-2736
-2745
-2693
-2701
-2641
-2649
-2581
-2588
-2512
-2520
-2433
-2441
-2349
-2354
-2257
-2261
-2157
-2160
-2046
-2051
-1933
-1936
-1811
-1815
-1684
-1687
-1551
-1553
-1413
-1416
-1271
-1273
-1125
-1126
-972
-974
-820
-821
-664
-663
-504
-503
-345
-343
-183
-181
-19
-18
142
144
303
308
465
469
622
627
779
784
936
940
1090
1090
1233
1239
1376
1384
1514
1523
1652
1658
1778
1785
1901
1909
2018
2026
2127
2135
2229
2238
2324
2333
2413
2422
2492
2501
2561
2572
2625
2634
2680
2689
2724
2734
2760
2771
2789
2797
2806
2816
2815
2823
2814
2822
2803
2812
2785
2792
2755
2763
2717
2724
2670
2678
2615
2621
2551
2555
2476
2483
2396
2401
2306
2313
2210
2215
2107
2111
1994
1999
1878
1881
1753
1757
1624
1627
1490
1491
1348
1350
1204
1206
1056
1057
903
904
748
748
591
591
431
431
271
269
108
106
-54
-57
-215
-218
-377
-380
-536
-541
-695
-700
-851
-857
-1005
-1010
-1154
-1159
-1301
-1306
-1442
-1448
-1578
-1585
-1709
-1717
-1834
-1844
-1955
-1964
-2068
-2077
-2174
-2185
-2274
-2284
-2367
-2375
-2450
-2459
-2525
-2534
-2594
-2602
-2652
-2662
-2701
-2711
-2743
-2753
-2776
-2785
-2798
-2807
-2811
-2820
-2815
-2825
-2809
-2819
-2794
-2804
-2772
-2781
-2738
-2746
-2697
-2705
-2645
-2653
-2585
-2593
-2517
-2525
-2440
-2447
-2356
-2361
-2263
-2271
-2163
-2169
-2055
-2062
-1942
-1947
-1821
-1826
-1694
-1698
-1562
-1566
-1427
-1429
-1283
-1286
-1137
-1139
-987
-989
-834
-834
-678
-678
-519
-520
-359
-358
-197
-196
-34
-33
126
129
288
291
449
452
609
612
765
770
922
926
1076
1078
1218
1227
1364
1370
1503
1512
1639
1647
1766
1776
1889
1899
2008
2016
2119
2128
2222
2231
2318
2327
2406
2415
2485
2495
2556
2567
2622
2631
2677
2687
2723
2732
2760
2768
2787
2796
2806
2815
2814
2823
2816
2824
2804
2814
2786
2795
2760
2767
2721
2729
2676
2683
2620
2627
2555
2563
2485
2490
2403
2410
2315
2320
2220
2225
2116
2120
2005
2009
1888
1892
1767
1769
1636
1638
1500
1503
1362
1363
1218
1219
1069
1071
917
918
761
762
606
605
446
446
286
285
124
122
-38
-40
-200
-203
-361
-364
-523
-527
-680
-685
-837
-842
-991
-995
-1141
-1145
-1287
-1293
-1430
-1436
-1568
-1574
-1698
-1706
-1826
-1833
-1946
-1953
-2059
-2068
-2167
-2175
-2267
-2276
-2359
-2369
-2443
-2453
-2521
-2530
-2589
-2598
-2647
-2657
-2699
-2709
-2742
-2750
-2774
-2783
-2796
-2806
-2811
-2821
-2816
-2826
-2813
-2822
-2799
-2809
-2776
-2785
-2744
-2752
-2701
-2711
-2652
-2661
-2593
-2602
-2526
-2532
-2450
-2456
-2365
-2372
-2274
-2279
-2172
-2179
-2067
-2071
-1954
-1958
-1833
-1838
-2791
-2800
-2807
-2817
-2815
-2824
-2814
-2822
-2802
-2811
-2781
-2790
-2752
-2760
-2713
-2721
-2666
-2673
-2609
-2616
-2544
-2552
-2470
-2477
-2389
-2395
-2298
-2304
-2202
-2207
-2096
-2102
-1984
-1988
-1867
-1870
-1743
-1747
-1613
-1615
-1478
-1479
-1337
-1338
-1193
-1193
-1043
-1044
-891
-890
-736
-736
-578
-576
-418
-417
-257
-256
-96
-92
66
69
228
233
389
393
549
554
708
713
865
868
1015
1022
1168
1172
1312
1319
1452
1460
1588
1597
1720
1729
1845
1854
1965
1975
2079
2087
2184
2193
2281
2292
2372
2383
2457
2466
2532
2541
2598
2608
2656
2666
2706
2715
2745
2756
2776
2786
2798
2809
2811
2821
2815
2824
2808
2818
2793
2802
2768
2778
2734
2742
2692
2700
2639
2648
2580
2586
2511
2517
2434
2440
2347
2353
2253
2260
2153
2159
2044
2050
1930
1935
1808
1814
1684
1687
1549
1553
1412
1414
1269
1271
1123
1126
971
974
819
818
662
662
503
503
342
343
181
181
20
18
-143
-145
-304
-307
-466
-467
-625
-627
-781
-784
-935
-939
-1088
-1092
-1235
-1240
-1379
-1384
-1517
-1523
-1650
-1658
-1779
-1787
-1902
-1911
-2019
-2027
-2129
-2137
-2232
-2240
-2327
-2335
-2414
-2423
-2493
-2502
-2564
-2573
-2627
-2636
-2682
-2689
-2726
-2736
-2764
-2772
-2790
-2798
-2806
-2816
-2815
-2824
-2813
-2824
-2805
-2813
-2784
-2793
-2755
-2765
-2718
-2726
-2671
-2680
-2615
-2623
-2549
-2557
-2478
-2484
-2396
-2403
-2309
-2312
-2211
-2216
-2105
-2110
-1995
-1999
-1879
-1882
-1754
-1758
-1624
-1628
-1490
-1492
-1350
-1351
-1204
-1206
-1056
-1057
-906
-905
-749
-750
-592
-590
-433
-431
-271
-270
-109
-108
53
55
215
217
376
379
537
540
695
699
849
855
1004
1008
1154
1159
1298
1305
1439
1447
1577
1585
1708
1717
1833
1842
1956
1964
2067
2077
2174
2184
2275
2284
2366
2375
2450
2460
2525
2535
2592
2604
2653
2663
2703
2713
2742
2753
2775
2785
2799
2808
2812
2821
2816
2826
2810
2820
2796
2807
2771
2782
2739
2748
2697
2707
2647
2654
2587
2594
2518
2526
2441
2449
2355
2364
2265
2270
2163
2170
2056
2063
1944
1947
1821
1827
1695
1700
1564
1568
1425
1430
1286
1287
1138
1140
985
988
834
834
678
678
519
520
358
358
197
197
37
35
-127
-129
-287
-291
-448
-451
-607
-612
-765
-770
-920
-925
-1072
-1077
-1220
-1226
-1365
-1370
-1502
-1510
-1637
-1644
-1767
-1774
-1890
-1898
-2007
-2015
-2118
-2126
-2221
-2231
-2317
-2326
-2406
-2413
-2486
-2495
-2559
-2568
-2622
-2631
-2676
-2685
-2723
-2732
-2760
-2769
-2788
-2797
-2806
-2815
-2816
-2824
-2816
-2824
-2806
-2815
-2786
-2796
-2760
-2768
-2723
-2730
-2677
-2684
-2623
-2629
-2559
-2565
-2485
-2492
-2405
-2411
-2318
-2322
-2220
-2225
-2117
-2122
-2006
-2011
-1890
-1894
-1765
-1770
-1636
-1640
-1503
-1506
-1363
-1365
-1217
-1219
-1071
-1071
-919
-918
-764
-764
-605
-605
-447
-445
-286
-284
-123
-122
37
41
200
204
361
364
522
526
678
685
836
841
990
996
1141
1145
1285
1292
1425
1435
1565
1573
1696
1705
1824
1832
1944
1952
2056
2068
2164
2174
2264
2275
2359
2368
2443
2453
2519
2530
2589
2598
2648
2657
2698
2709
2741
2751
2773
2783
2798
2808
2811
2822
2817
2827
2812
2823
2798
2809
2774
2785
2744
2754
2704
2712
2653
2661
2595
2602
2525
2535
2449
2457
2365
2373
2275
2281
2174
2182
2070
2075
1953
1960
1835
1839
1708
1715
1577
1581
1441
1442
1299
1301
1152
1155
999
1004
848
850
694
693
533
534
375
374
216
213
51
50
-111
-113
-274
-275
-434
-436
-593
-596
-751
-755
-905
-910
-1058
-1062
-1206
-1211
-1351
-1355
-1490
-1495
-1625
-1631
-1755
-1761
-1878
-1886
-1997
-2005
-2106
-2115
-2211
-2219
-2308
-2316
-2395
-2404
-2478
-2486
-2550
-2559
-2615
-2624
-2671
-2680
-2717
-2726
-2755
-2764
-2784
-2793
-2803
-2813
-2814
-2822
-2813
-2823
-2806
-2815
-2788
-2797
-2762
-2769
-2725
-2733
-2679
-2687
-2627
-2634
-2563
-2570
-2491
-2498
-2412
-2419
-2326
-2330
-2229
-2235
-2127
-2132
-2017
-2022
-1901
-1905
-1778
-1781
-1650
-1652
-1516
-1518
-1377
-1377
-1232
-1233
-1084
-1085
-933
-934
-777
-778
-621
-621
-463
-462
-302
-300
-139
-137
23
26
184
188
345
350
507
511
665
669
822
827
976
980
1129
1133
1272
1278
1415
1420
1552
1560
1684
1693
1811
1819
1933
1941
2046
2055
2154
2165
2255
2266
2350
2359
2434
2443
2512
2520
2581
2590
2640
2650
2693
2702
2734
2744
2768
2778
2795
2803
2808
2819
2816
2824
2812
2820
2799
2807
2776
2785
2745
2756
2705
2713
2654
2663
2596
2605
2531
2539
2455
2463
2372
2379
2280
2288
2184
2188
2077
2084
1964
1969
1845
1849
1719
1723
1588
1591
1452
1455
1309
1314
1164
1165
1012
1015
861
864
706
708
549
548
389
389
227
226
66
63
-97
-99
-258
-262
-419
-423
-580
-583
-737
-741
-892
-897
-1044
-1049
-1193
-1199
-1338
-1345
-1479
-1485
-1614
-1622
-1746
-1752
-1869
-1877
-1987
-1995
-2100
-2107
-2203
-2212
-2301
-2310
-2390
-2399
-2472
-2482
-2545
-2555
-2611
-2620
-2667
-2676
-2716
-2725
-2753
-2763
-2782
-2792
-2803
-2813
-2814
-2824
-2815
-2824
-2808
-2817
-2792
-2800
-2764
-2773
-2728
-2737
-2683
-2692
-2631
-2639
-2569
-2577
-2499
-2506
-2419
-2426
-2333
-2339
-2238
-2244
-2135
-2141
-2027
-2032
-1911
-1916
-1788
-1792
-1661
-1665
-1527
-1530
-1388
-1391
-1245
-1248
-1097
-1100
-947
-947
-792
-793
-634
-635
-476
-476
-315
-315
-155
-152
8
10
170
173
332
335
492
495
650
655
809
812
962
967
1113
1118
1260
1265
1401
1408
1540
1547
1673
1681
1802
1810
1923
1931
2037
2046
2146
2154
2248
2256
2342
2350
2427
2437
2506
2514
2575
2586
2638
2647
2689
2699
2735
2743
2769
2778
2794
2803
2809
2819
2816
2825
2813
2822
2802
2811
2779
2790
2750
2759
2709
2717
2660
2668
2603
2612
2537
2546
2463
2471
2379
2388
2290
2297
2191
2198
2088
2092
1976
1980
1857
1860
1731
1734
1601
1605
1464
1469
1324
1326
1179
1179
1026
1030
876
877
722
721
566
563
403
403
243
241
81
79
-81
-84
-241
-246
-405
-407
-565
-567
-720
-726
-876
-881
-1029
-1035
-1179
-1185
-1324
-1329
-1466
-1470
-1601
-1607
-1732
-1739
-1856
-1864
-1976
-1983
-2088
-2095
-2193
-2202
-2291
-2299
-2382
-2389
-2464
-2473
-2538
-2547
-2605
-2613
-2662
-2672
-2711
-2719
-2751
-2758
-2781
-2790
-2802
-2811
-2813
-2823
-2816
-2826
-2809
-2818
-2794
-2802
-2767
-2776
-2733
-2741
-2690
-2698
-2636
-2645
-2575
-2584
-2506
-2513
-2427
-2434
-2341
-2347
-2246
-2253
-2146
-2152
-2037
-2043
-1923
-1926
-1800
-1804
-1673
-1677
-1538
-1542
-1401
-1404
-1259
-1260
-1110
-1112
-960
-961
-808
-806
-651
-650
-490
-491
-330
-328
-168
-167
-8
-4
155
159
316
319
477
481
637
639
792
797
950
952
1102
1101
1245
1251
1388
1395
1527
1535
1661
1668
1788
1796
1911
1919
2026
2036
2135
2145
2240
2248
2333
2342
2420
2430
2500
2509
2570
2580
2630
2641
2684
2696
2731
2740
2766
2774
2793
2801
2807
2819
2816
2826
2815
2824
2804
2813
2782
2792
2753
2763
2715
2723
2667
2676
2610
2619
2546
2554
2471
2480
2390
2398
2300
2308
2202
2209
2098
2103
1985
1992
1869
1874
1743
1748
1613
1618
1478
1482
1336
1340
1190
1195
1045
1044
891
892
736
737
579
579
419
419
257
257
96
95
-66
-67
-227
-231
-389
-393
-549
-552
-706
-711
-864
-868
-1014
-1019
-1165
-1171
-1311
-1318
-1453
-1458
-1588
-1595
-1721
-1726
-1844
-1852
-1965
-1972
-2077
-2084
-2182
-2191
-2282
-2290
-2373
-2382
-2456
-2464
-2531
-2540
-2598
-2607
-2657
-2666
-2706
-2714
-2747
-2755
-2777
-2786
-2799
-2807
-2812
-2821
-2816
-2825
-2810
-2819
-2794
-2803
-2771
-2778
-2737
-2744
-2694
-2702
-2642
-2650
-2582
-2589
-2514
-2520
-2436
-2442
-2350
-2356
-2257
-2262
-2158
-2161
-2049
-2052
-1934
-1938
-1814
-1817
-1686
-1689
-1552
-1555
-1416
-1417
-1274
-1275
-1126
-1127
-976
-978
-823
-824
-665
-666
-508
-506
-346
-346
-186
-183
-23
-20
138
143
300
304
461
465
621
625
777
783
933
938
1085
1088
1229
1237
1376
1381
1513
1522
1647
1656
1775
1785
1899
1907
2016
2024
2125
2134
2226
2237
2323
2332
2411
2421
2490
2500
2562
2571
2625
2634
2679
2688
2723
2733
2760
2770
2786
2797
2806
2815
2814
2823
2813
2823
2804
2812
2784
2792
2754
2764
2717
2725
2671
2679
2617
2623
2551
2558
2477
2484
2398
2404
2307
2315
2211
2217
2109
2114
1997
2002
1878
1883
1755
1759
1626
1629
1490
1493
1351
1353
1204
1209
1056
1061
904
906
749
751
592
594
433
433
273
271
111
109
-51
-53
-214
-216
-375
-378
-534
-538
-693
-697
-848
-853
-1002
-1007
-1151
-1157
-1298
-1304
-1438
-1445
-1575
-1583
-1709
-1715
-1836
-1842
-1955
-1961
-2068
-2075
-2176
-2182
-2274
-2282
-2366
-2374
-2450
-2457
-2525
-2535
-2593
-2602
-2652
-2661
-2701
-2711
-2743
-2752
-2775
-2784
-2798
-2807
-2811
-2821
-2816
-2825
-2811
-2819
-2795
-2805
-2774
-2782
-2740
-2748
-2697
-2705
-2646
-2654
-2587
-2594
-2518
-2526
-2441
-2448
-2357
-2364
-2265
-2271
-2165
-2170
-2058
-2062
-1944
-1948
-1824
-1828
-1697
-1699
-1566
-1567
-1429
-1430
-1286
-1287
-1140
-1140
-988
-988
-836
-836
-679
-678
-521
-519
-361
-359
-200
-197
-38
-34
125
129
286
291
448
451
607
611
762
769
918
924
1074
1076
1216
1224
1362
1369
1502
1511
1636
1646
1767
1774
1890
1897
2005
2015
2117
2126
2220
2228
2315
2325
2404
2414
2486
2494
2557
2566
2621
2631
2675
2686
2722
2732
2759
2769
2787
2797
2804
2815
2815
2824
2814
2823
2804
2815
2785
2795
2758
2768
2722
2730
2676
2684
2619
2628
2555
2564
2483
2493
2406
2411
2317
2323
2219
2227
2116
2124
2006
2012
1888
1895
1767
1771
1638
1641
1503
1506
1365
1367
1219
1221
1071
1074
919
921
765
765
609
607
449
448
289
287
126
125
-36
-39
-198
-201
-359
-362
-519
-522
-678
-682
-834
-838
-987
-993
-1138
-1143
-1285
-1290
-1428
-1433
-1564
-1570
-1696
-1703
-1824
-1831
-1943
-1951
-2057
-2065
-2166
-2172
-2267
-2274
-2357
-2366
-2441
-2451
-2519
-2528
-2587
-2596
-2646
-2657
-2698
-2708
-2739
-2749
-2772
-2781
-2798
-2806
-2813
-2821
-2816
-2825
-2810
-2819
-2799
-2808
-2774
-2783
-2744
-2752
-2702
-2709
-2652
-2659
-2594
-2601
-2526
-2532
-2450
-2456
-2366
-2372
-2275
-2279
-2175
-2179
-2068
-2073
-1954
-1959
-1834
-1839
-1707
-1712
-1576
-1580
-1439
-1442
-1298
-1300
-1152
-1153
-1004
-1003
-849
-850
-694
-693
-534
-534
-377
-375
-215
-213
-52
-50
109
113
272
274
431
437
591
596
749
754
905
909
1058
1061
1201
1209
