1651 9 80002710 0 1388 9
-74
-76
-192
-195
-312
-314
-430
-433
-546
-550
-661
-663
-773
-777
-883
-887
-990
-994
-1093
-1098
-1193
-1198
-1289
-1294
-1381
-1385
-1467
-1473
-1550
-1556
-1628
-1633
-1700
-1705
-1765
-1772
-1826
-1832
-1879
-1886
-1926
-1934
-1971
-1976
-2005
-2011
-2032
-2039
-2054
-2061
-2070
-2077
-2077
-2083
-2079
-2085
-2072
-2079
-2061
-2068
-2041
-2046
-2014
-2019
-1982
-1988
-1943
-1948
-1896
-1901
-1844
-1848
-1786
-1790
-1721
-1725
-1651
-1654
-1576
-1579
-1495
-1499
-1409
-1413
-1319
-1322
-1224
-1227
-1125
-1128
-1023
-1024
-917
-919
-809
-809
-696
-697
-583
-582
-467
-466
-350
-349
-230
-229
-113
-110
7
10
128
130
247
249
365
367
481
486
598
601
712
716
821
826
933
935
1035
1041
1140
1143
1234
1241
1329
1336
1419
1426
1505
1510
1584
1591
1660
1666
1728
1734
1792
1798
1850
1857
1901
1906
1945
1952
1984
1992
2016
2024
2041
2048
2059
2067
2073
2079
2077
2083
2075
2082
2067
2073
2050
2057
2026
2033
1997
2004
1962
1968
1920
1926
1872
1877
1816
1821
1756
1760
1689
1694
1616
1620
1537
1542
1455
1459
1369
1370
1275
1277
1180
1180
1082
1081
976
975
869
868
756
756
645
643
529
529
412
411
297
293
176
174
56
54
-64
-66
-182
-185
-302
-305
-419
-422
-536
-539
-651
-655
-763
-768
-873
-878
-980
-985
-1083
-1089
-1183
-1190
-1280
-1287
-1372
-1379
-1462
-1466
-1542
-1548
-1620
-1628
-1694
-1700
-1759
-1766
-1819
-1826
-1874
-1880
-1924
-1930
-1965
-1973
-1999
-2007
-2029
-2037
-2051
-2059
-2067
-2074
-2075
-2083
-2077
-2084
-2072
-2080
-2059
-2067
-2040
-2048
-2016
-2022
-1985
-1989
-1946
-1950
-1900
-1905
-1848
-1853
-1791
-1794
-1727
-1731
-1657
-1662
-1581
-1585
-1501
-1505
-1417
-1421
-1326
-1330
-1233
-1235
-1134
-1137
-1032
-1034
-926
-928
-818
-818
-706
-707
-594
-593
-477
-476
-360
-359
-241
-241
-122
-121
-2
0
117
119
237
238
355
357
473
475
588
591
703
704
813
816
924
925
1032
1032
1132
1136
1228
1234
1324
1328
1412
1420
1498
1504
1579
1585
1654
1660
1724
1730
1787
1793
1844
1851
1898
1904
1943
1949
1981
1989
2014
2022
2040
2047
2059
2066
2070
2079
2077
2083
2076
2082
2068
2073
2052
2059
2032
2036
2003
2008
1967
1973
1925
1930
1876
1882
1823
1828
1762
1766
1695
1699
1623
1628
1544
1550
1464
1468
1376
1379
1284
1287
1189
1192
1088
1091
985
987
877
879
766
768
656
656
541
540
424
424
306
306
188
187
69
66
-52
-53
-170
-173
-289
-292
-409
-411
-526
-529
-640
-643
-752
-756
-863
-867
-969
-974
-1074
-1078
-1175
-1180
-1273
-1278
-1365
-1370
-1452
-1459
-1536
-1541
-1614
-1621
-1686
-1693
-1754
-1761
-1814
-1823
-1869
-1877
-1919
-1927
-1963
-1969
-1998
-2005
-2027
-2034
-2050
-2057
-2068
-2074
-2077
-2082
-2078
-2085
-2074
-2080
-2062
-2070
-2044
-2050
-2018
-2024
-1987
-1993
-1950
-1954
-1903
-1910
-1852
-1858
-1796
-1800
-1732
-1737
-1661
-1668
-1588
-1593
-1508
-1514
-1424
-1428
-1334
-1338
-1241
-1244
-1142
-1146
-1041
-1043
-936
-938
-827
-829
-716
-717
-602
-604
-488
-487
-370
-370
-252
-251
-132
-132
-13
-12
108
108
226
228
344
347
462
464
578
581
691
696
803
807
911
917
1018
1024
1120
1126
1220
1225
1314
1320
1404
1411
1491
1497
1572
1578
1648
1655
1718
1725
1783
1789
1842
1849
1894
1901
1939
1947
1980
1987
2012
2020
2040
2046
2058
2067
2074
2080
2080
2085
2077
2084
2071
2077
2056
2063
2034
2039
2007
2012
1973
1977
1930
1935
1882
1887
1828
1832
1768
1772
1703
1707
1631
1635
1553
1558
1473
1475
1385
1388
1294
1296
1198
1200
1097
1101
995
997
886
888
778
779
665
666
552
551
434
435
317
318
198
198
79
78
-40
-42
-158
-161
-278
-281
-396
-400
-513
-516
-628
-632
-740
-746
-852
-856
-959
-964
-1064
-1068
-1165
-1171
-1261
-1267
-1354
-1361
-1444
-1450
-1528
-1533
-1606
-1612
-1680
-1686
-1746
-1754
-1807
-1816
-1864
-1871
-1914
-1922
-1956
-1966
-1994
-2003
-2026
-2033
-2049
-2056
-2063
-2073
-2074
-2083
-2078
-2086
-2074
-2082
-2062
-2069
-2046
-2053
-2022
-2028
-1989
-1997
-1953
-1959
-1909
-1914
-1858
-1864
-1802
-1807
-1738
-1743
-1672
-1676
-1596
-1601
-1518
-1521
-1433
-1437
-1344
-1347
-1249
-1253
-1152
-1155
-1052
-1053
-947
-948
-838
-840
-727
-727
-614
-615
-498
-499
-381
-381
-264
-263
-144
-143
-24
-24
94
96
214
216
332
335
450
453
567
569
681
683
792
796
902
905
1005
1011
1111
1113
1211
1216
1303
1308
1395
1401
1481
1488
1565
1569
1640
1645
1710
1716
1776
1781
1835
1841
1888
1894
1935
1942
1976
1982
2010
2016
2037
2042
2058
2063
2071
2076
2076
2084
2077
2083
2072
2076
2057
2063
2036
2041
2006
2014
1976
1980
1933
1939
1886
1891
1833
1838
1773
1778
1708
1713
1637
1640
1561
1564
1479
1483
1392
1396
1302
1304
1206
1207
1105
1109
1006
1004
900
898
786
788
676
675
562
560
446
446
328
327
209
208
91
89
-30
-32
-149
-152
-268
-271
-387
-389
-502
-507
-619
-623
-732
-736
-843
-848
-951
-956
-1054
-1061
-1157
-1161
-1254
-1261
-1348
-1354
-1436
-1442
-1520
-1527
-1600
-1607
-1673
-1680
-1743
-1748
-1804
-1811
-1861
-1868
-1911
-1917
-1955
-1962
-1992
-1999
-2023
-2031
-2047
-2055
-2065
-2072
-2076
-2082
-2078
-2086
-2076
-2082
-2066
-2072
-2048
-2055
-2024
-2031
-1994
-2001
-1957
-1964
-1914
-1920
-1863
-1869
-1806
-1813
-1745
-1751
-1677
-1682
-1604
-1609
-1526
-1530
-1442
-1446
-1354
-1356
-1259
-1263
-1163
-1166
-1062
-1064
-956
-958
-850
-851
-739
-740
-625
-626
-509
-510
-393
-394
-275
-275
-155
-156
-37
-35
82
84
202
205
322
323
439
442
555
559
671
673
781
785
893
895
998
1001
1100
1106
1200
1205
1296
1300
1388
1393
1474
1479
1555
1562
1632
1638
1704
1710
1770
1775
1828
1836
1881
1889
1930
1936
1970
1977
2005
2011
2033
2039
2055
2061
2067
2075
2076
2083
2076
2083
2068
2075
2057
2063
2036
2042
2010
2015
1977
1982
1936
1941
1890
1895
1836
1841
1778
1783
1713
1718
1643
1647
1565
1572
1486
1490
1401
1404
1311
1311
1213
1218
1116
1118
1019
1014
908
908
796
798
685
687
573
571
457
456
339
338
220
219
101
100
-18
-19
-138
-140
-256
-260
-376
-378
-494
-497
-608
-612
-722
-726
-832
-837
-940
-946
-1046
-1052
-1148
-1154
-1245
-1250
-1339
-1344
-1428
-1433
-1513
-1519
-1592
-1598
-1666
-1672
-1735
-1743
-1799
-1805
-1856
-1861
-1907
-1913
-1951
-1958
-1988
-1996
-2019
-2027
-2045
-2052
-2062
-2069
-2074
-2081
-2078
-2085
-2075
-2082
-2066
-2073
-2050
-2056
-2027
-2032
-1997
-2002
-1960
-1965
-1917
-1922
-1867
-1873
-1813
-1817
-1750
-1755
-1683
-1687
-1611
-1615
-1531
-1535
-1447
-1451
-1361
-1363
-1268
-1271
-1171
-1173
-1070
-1072
-966
-968
-858
-861
-748
-749
-635
-637
-520
-521
-403
-404
-286
-285
-167
-167
-45
-46
73
75
192
194
311
313
429
431
546
548
661
663
770
776
885
887
991
993
1091
1098
1194
1198
1287
1294
1380
1385
1467
1474
1550
1556
1627
1633
1699
1705
1764
1771
1826
1832
1879
1886
1928
1934
1970
1977
2005
2012
2033
2040
2054
2061
2069
2077
2077
2083
2079
2084
2074
2079
2060
2067
2038
2047
2015
2020
1981
1989
1942
1947
1897
1900
1843
1850
1786
1790
1720
1725
1650
1655
1576
1579
1495
1499
1408
1412
1318
1322
1224
1227
1127
1130
1022
1025
918
918
809
809
696
698
584
583
468
466
350
350
232
231
114
111
-7
-9
-127
-130
-246
-250
-365
-368
-482
-485
-598
-602
-711
-715
-822
-826
-932
-936
-1035
-1041
-1138
-1144
-1236
-1243
-1330
-1336
-1420
-1426
-1506
-1511
-1586
-1592
-1659
-1667
-1728
-1737
-1791
-1800
-1851
-1858
-1902
-1909
-1945
-1955
-1985
-1993
-2018
-2026
-2043
-2051
-2061
-2069
-2076
-2081
-2079
-2086
-2075
-2084
-2069
-2075
-2052
-2059
-2029
-2037
-1999
-2007
-1964
-1971
-1922
-1927
-1872
-1877
-1819
-1824
-1758
-1762
-1690
-1695
-1618
-1622
-1539
-1544
-1457
-1461
-1369
-1372
-1277
-1279
-1180
-1182
-1079
-1082
-977
-978
-868
-870
-759
-760
-646
-647
-532
-532
-414
-415
-298
-297
-180
-178
-58
-57
61
63
181
182
300
302
417
419
533
537
649
652
761
764
870
874
980
983
1084
1086
1181
1187
1279
1284
1371
1376
1458
1463
1541
1546
1619
1624
1691
1697
1758
1764
1819
1825
1874
1881
1921
1929
1965
1971
1999
2007
2028
2036
2052
2058
2068
2074
2077
2083
2079
2085
2073
2079
2061
2066
2042
2049
2017
2023
1985
1989
1946
1951
1901
1905
1849
1853
1790
1794
1728
1732
1658
1662
1581
1586
1503
1506
1417
1421
1329
1329
1233
1235
1136
1135
1031
1033
926
927
819
820
707
707
594
593
477
477
361
360
243
242
124
121
3
1
-116
-118
-234
-238
-354
-358
-472
-476
-586
-591
-702
-706
-812
-817
-921
-926
-1025
-1032
-1128
-1134
-1227
-1233
-1322
-1328
-1411
-1418
-1496
-1504
-1577
-1584
-1653
-1660
-1722
-1730
-1788
-1795
-1846
-1852
-1897
-1904
-1942
-1950
-1983
-1990
-2015
-2022
-2041
-2048
-2061
-2068
-2072
-2080
-2078
-2084
-2079
-2084
-2070
-2075
-2054
-2060
-2033
-2038
-2004
-2011
-1967
-1974
-1927
-1932
-1878
-1883
-1823
-1830
-1764
-1769
-1698
-1702
-1625
-1631
-1548
-1553
-1465
-1469
-1379
-1382
-1287
-1289
-1190
-1193
-1091
-1094
-986
-989
-879
-882
-770
-770
-657
-658
-543
-543
-427
-426
-309
-308
-190
-189
-70
-70
50
52
170
172
289
290
406
409
522
526
638
641
751
754
861
866
967
972
1071
1078
1172
1178
1270
1274
1361
1369
1449
1455
1534
1541
1613
1619
1685
1691
1753
1758
1813
1820
1867
1875
1918
1925
1961
1967
1996
2004
2026
2034
2050
2057
2066
2073
2075
2082
2076
2085
2073
2080
2061
2069
2043
2050
2018
2025
1987
1993
1950
1956
1904
1911
1854
1859
1797
1802
1732
1738
1664
1669
1590
1595
1510
1514
1426
1429
1334
1338
1243
1246
1145
1147
1038
1045
935
940
830
830
718
719
606
604
490
489
373
372
254
253
134
134
15
13
-105
-107
-224
-227
-343
-346
-461
-464
-577
-580
-692
-694
-802
-806
-912
-915
-1017
-1022
-1120
-1124
-1219
-1223
-1313
-1318
-1406
-1410
-1489
-1495
-1570
-1577
-1647
-1653
-1716
-1723
-1780
-1787
-1840
-1846
-1893
-1898
-1938
-1945
-1978
-1985
-2013
-2019
-2038
-2045
-2058
-2065
-2071
-2077
-2076
-2084
-2076
-2083
-2068
-2075
-2053
-2061
-2034
-2038
-2005
-2010
-1971
-1976
-1929
-1934
-1882
-1887
-1827
-1833
-1768
-1773
-1702
-1707
-1630
-1635
-1554
-1558
-1473
-1476
-1387
-1389
-1295
-1296
-1199
-1200
-1099
-1100
-996
-997
-888
-889
-778
-780
-667
-668
-551
-552
-435
-436
-320
-318
-200
-199
-80
-79
40
41
158
161
278
280
396
399
512
516
627
632
742
745
852
856
957
963
1063
1069
1163
1170
1261
1267
1354
1360
1444
1450
1525
1533
1606
1612
1677
1686
1746
1755
1807
1815
1865
1872
1916
1921
1957
1964
1995
2001
2024
2032
2049
2056
2064
2072
2074
2082
2077
2085
2074
2082
2063
2069
2045
2051
2023
2028
1990
1997
1953
1959
1908
1914
1858
1864
1801
1807
1739
1743
1672
1676
1597
1601
1517
1521
1434
1437
1345
1347
1253
1254
1152
1157
1052
1055
948
948
838
840
730
730
615
617
500
500
383
384
265
265
146
145
26
25
-94
-95
-212
-215
-332
-334
-449
-451
-564
-567
-681
-682
-791
-795
-901
-905
-1007
-1011
-1110
-1115
-1210
-1214
-1305
-1310
-1396
-1402
-1484
-1487
-1564
-1569
-1641
-1645
-1711
-1716
-1776
-1781
-1835
-1841
-1889
-1894
-1935
-1943
-1976
-1982
-2010
-2016
-2038
-2045
-2058
-2064
-2071
-2078
-2078
-2084
-2078
-2085
-2070
-2078
-2057
-2064
-2035
-2041
-2008
-2015
-1975
-1981
-1934
-1939
-1888
-1892
-1835
-1839
-1775
-1778
-1709
-1713
-1638
-1643
-1563
-1566
-1480
-1483
-1393
-1397
-1305
-1306
-1208
-1210
-1108
-1109
-1006
-1007
-900
-901
-790
-790
-679
-678
-565
-562
-450
-446
-330
-329
-212
-209
-93
-90
26
30
148
151
266
269
384
388
501
506
617
621
728
734
840
845
945
954
1050
1059
1154
1160
1254
1259
1345
1352
1434
1441
1518
1525
1598
1605
1671
1679
1741
1748
1800
1810
1860
1867
1909
1917
1953
1962
1992
1999
2020
2030
2045
2053
2063
2070
2074
2081
2077
2085
2074
2082
2064
2073
2046
2055
2023
2031
1993
2000
1957
1964
1913
1919
1863
1869
1805
1812
1745
1750
1676
1683
1602
1608
1525
1529
1442
1446
1351
1357
1260
1262
1160
1165
1061
1064
955
958
848
850
737
740
625
626
510
511
393
393
274
275
155
155
37
35
-83
-85
-204
-206
-321
-324
-440
-441
-556
-557
-670
-671
-782
-785
-891
-895
-998
-1002
-1102
-1105
-1200
-1206
-1297
-1301
-1388
-1393
-1474
-1480
-1556
-1561
-1633
-1639
-1706
-1710
-1770
-1775
-1830
-1835
-1884
-1891
-1932
-1937
-1972
-1978
-2007
-2012
-2035
-2041
-2055
-2062
-2071
-2076
-2078
-2085
-2079
-2085
-2072
-2078
-2060
-2065
-2039
-2045
-2012
-2018
-1980
-1984
-1940
-1944
-1894
-1898
-1840
-1844
-1782
-1786
-1716
-1721
-1647
-1650
-1570
-1574
-1489
-1493
-1403
-1406
-1312
-1315
-1217
-1220
-1119
-1120
-1015
-1017
-909
-911
-801
-801
-688
-689
-574
-575
-457
-458
-341
-340
-222
-221
-103
-102
17
19
136
139
254
258
373
376
490
495
606
609
721
723
832
835
936
943
1043
1049
1145
1150
1245
1249
1336
1343
1427
1432
1509
1517
1590
1596
1665
1672
1733
1741
1795
1804
1854
1860
1905
1912
1950
1955
1986
1993
2019
2026
2044
2051
2063
2068
2072
2080
2077
2084
2076
2082
2066
2072
2050
2056
2026
2033
1997
2004
1960
1965
1917
1923
1869
1874
1814
1819
1750
1756
1684
1688
1612
1616
1533
1537
1451
1453
1361
1364
1268
1271
1172
1175
1071
1072
969
969
859
860
750
749
635
637
522
522
405
404
287
286
169
167
49
47
-70
-74
-191
-193
-310
-313
-428
-431
-543
-547
-659
-661
-771
-774
-881
-884
-987
-991
-1091
-1096
-1192
-1196
-1287
-1293
-1379
-1385
-1465
-1472
-1550
-1554
-1626
-1632
-1699
-1704
-1764
-1770
-1825
-1830
-1877
-1886
-1928
-1933
-1969
-1975
-2003
-2010
-2033
-2039
-2054
-2060
-2069
-2076
-2077
-2083
-2078
-2085
-2073
-2079
-2060
-2067
-2040
-2047
-2015
-2020
-1982
-1989
-1943
-1948
-1897
-1902
-1844
-1849
-1787
-1791
-1723
-1727
-1653
-1656
-1577
-1581
-1497
-1501
-1412
-1414
-1321
-1325
-1227
-1229
-1128
-1131
-1025
-1028
-919
-922
-810
-811
-699
-699
-585
-586
-471
-470
-352
-352
-234
-232
-115
-112
5
7
124
127
243
245
361
364
479
483
597
599
708
712
822
824
929
933
1032
1039
1135
1141
1234
1239
1330
1334
1419
1424
1503
1509
1584
1589
1658
1665
1727
1734
1791
1797
1849
1855
1899
1907
1946
1951
1984
1991
2016
2023
2041
2048
2059
2067
2070
2078
2076
2083
2075
2081
2066
2072
2051
2057
2028
2033
1999
2004
1964
1969
1921
1927
1872
1877
1818
1821
1757
1763
1690
1694
1619
1620
1541
1543
1458
1461
1368
1372
1278
1280
1179
1183
1080
1082
977
979
867
870
760
760
647
648
532
532
415
415
298
298
180
177
59
58
-60
-62
-179
-182
-300
-301
-419
-421
-533
-537
-648
-652
-761
-765
-870
-875
-978
-982
-1083
-1087
-1182
-1188
-1278
-1284
-1370
-1376
-1458
-1465
-1541
-1548
-1619
-1625
-1691
-1697
-1757
-1765
-1820
-1826
-1873
-1880
-1922
-1929
-1964
-1971
-2000
-2008
-2029
-2037
-2052
-2059
-2068
-2073
-2077
-2083
-2078
-2085
-2073
-2079
-2060
-2067
-2041
-2049
-2016
-2022
-1983
-1990
-1945
-1951
-1901
-1906
-1848
-1854
-1791
-1795
-1728
-1733
-1658
-1662
-1583
-1587
-1504
-1507
-1418
-1421
-1327
-1332
-1234
-1237
-1136
-1138
-1034
-1036
-929
-929
-821
-821
-710
-710
-596
-596
-480
-480
-363
-362
-244
-242
-125
-124
-5
-4
114
116
234
235
352
355
469
472
584
589
697
703
810
814
919
923
1022
1029
1128
1134
1227
1231
1321
1325
1410
1417
1497
1503
1578
1584
1652
1658
1724
1728
1786
1793
1843
1851
1897
1903
1944
1950
1980
1989
2015
2023
2042
2049
2061
2067
2071
2079
2078
2084
2078
2084
2068
2076
2053
2060
2033
2039
2005
2008
1969
1974
1926
1931
1878
1884
1825
1829
1764
1768
1699
1701
1627
1629
1548
1552
1466
1469
1379
1381
1288
1289
1190
1193
1093
1093
991
989
880
881
769
771
657
658
543
543
426
427
309
309
191
189
71
69
-50
-52
-169
-172
-288
-291
-405
-409
-523
-525
-637
-640
-749
-754
-860
-864
-967
-973
-1072
-1077
-1173
-1177
-1270
-1275
-1363
-1368
-1450
-1456
-1534
-1540
-1612
-1619
-1685
-1691
-1753
-1758
-1814
-1821
-1869
-1876
-1919
-1925
-1961
-1968
-1998
-2005
-2028
-2034
-2051
-2058
-2068
-2073
-2075
-2083
-2078
-2085
-2074
-2080
-2062
-2070
-2045
-2051
-2021
-2025
-1988
-1994
-1950
-1955
-1906
-1910
-1853
-1860
-1797
-1803
-1735
-1739
-1664
-1669
-1591
-1594
-1513
-1514
-1428
-1430
-1338
-1339
-1244
-1245
-1146
-1147
-1046
-1045
-939
-940
-830
-831
-719
-719
-606
-605
-491
-490
-373
-372
-255
-254
-135
-134
-17
-14
104
107
223
226
341
345
457
462
575
578
690
695
799
805
912
914
1015
1021
1119
1121
1217
1223
1311
1320
1401
1410
1488
1495
1570
1578
1644
1652
1716
1723
1780
1787
1840
1847
1892
1899
1938
1946
1979
1986
2013
2020
2040
2047
2060
2067
2070
2080
2079
2087
2077
2086
2069
2076
2055
2063
2036
2042
2007
2014
1973
1979
1931
1938
1883
1889
1828
1835
1770
1776
1704
1711
1633
1638
1555
1560
1473
1479
1387
1391
1294
1298
1200
1202
1101
1103
994
998
892
891
779
783
667
669
554
554
436
437
320
319
200
201
82
81
-38
-39
-158
-160
-277
-280
-394
-397
-512
-515
-627
-630
-739
-744
-851
-854
-957
-962
-1062
-1067
-1165
-1168
-1262
-1267
-1353
-1359
-1443
-1448
-1526
-1531
-1605
-1610
-1679
-1684
-1746
-1751
-1807
-1814
-1864
-1869
-1914
-1920
-1958
-1963
-1994
-1999
-2024
-2030
-2049
-2054
-2064
-2070
-2073
-2081
-2078
-2085
-2074
-2081
-2064
-2070
-2047
-2053
-2022
-2028
-1992
-1997
-1954
-1959
-1911
-1915
-1860
-1865
-1804
-1807
-1742
-1744
-1674
-1677
-1600
-1602
-1520
-1522
-1436
-1438
-1347
-1350
-1252
-1255
-1157
-1157
-1054
-1054
-949
-951
-842
-842
-731
-730
-618
-617
-502
-501
-385
-385
-267
-266
-149
-146
-28
-26
90
93
209
213
330
332
448
450
563
567
679
680
788
794
-1182
-1184
-1082
-1083
-976
-978
-869
-871
-759
-761
-646
-648
-532
-534
-417
-416
-299
-299
-179
-178
-60
-58
60
61
180
181
297
301
415
419
532
534
647
651
761
764
869
873
975
980
1080
1086
1181
1187
1277
1282
1371
1377
1457
1463
1541
1545
1619
1625
1689
1698
1757
1764
1819
1825
1874
1880
1922
1929
1964
1972
2000
2009
2029
2037
2051
2059
2068
2074
2076
2083
2077
2085
2075
2081
2060
2068
2043
2049
2017
2023
1985
1991
1947
1952
1901
1907
1850
1856
1791
1798
1728
1733
1658
1664
1585
1588
1504
1507
1420
1423
1329
1333
1236
1237
1136
1137
1033
1036
927
930
821
821
710
710
596
597
478
480
362
363
245
243
127
122
6
4
-114
-115
-232
-236
-351
-355
-468
-472
-584
-589
-698
-703
-809
-813
-918
-923
-1025
-1029
-1126
-1132
-1226
-1230
-1319
-1325
-1411
-1416
-1495
-1502
-1576
-1583
-1652
-1657
-1721
-1727
-1785
-1792
-1843
-1850
-1895
-1903
-1943
-1948
-1982
-1988
-2013
-2020
-2039
-2047
-2061
-2067
-2072
-2078
-2077
-2084
-2076
-2083
-2070
-2075
-2054
-2060
-2033
-2038
-2005
-2009
-1967
-1974
-1926
-1933
-1878
-1885
-1825
-1830
-1763
-1768
-1697
-1703
-1627
-1631
-1549
-1553
-1466
-1470
-1379
-1383
-1287
-1291
-1191
-1194
-1090
-1093
-987
-989
-880
-883
-771
-772
-658
-660
-542
-544
-427
-427
-309
-308
-189
-190
-71
-70
50
51
170
171
289
289
407
407
523
525
636
640
749
753
861
864
965
971
1069
1076
1171
1176
1270
1273
1361
1367
1450
1455
1532
1540
1612
1617
1685
1690
1752
1757
1813
1819
1868
1875
1917
1924
1961
1967
1996
2003
2026
2033
2048
2057
2066
2073
2075
2081
2079
2083
2074
2079
2062
2069
2045
2050
2019
2026
1987
1994
1950
1956
1905
1909
1854
1860
1798
1802
1734
1739
1666
1670
1590
1596
1512
1516
1426
1429
1337
1342
1244
1247
1145
1147
1045
1046
938
940
830
832
720
720
607
607
492
490
375
373
255
254
137
135
18
16
-102
-105
-221
-225
-341
-343
-458
-460
-574
-578
-689
-692
-799
-804
-907
-913
-1016
-1020
-1117
-1122
-1216
-1221
-1311
-1317
-1402
-1407
-1487
-1494
-1570
-1575
-1646
-1652
-1716
-1722
-1781
-1785
-1839
-1846
-1891
-1898
-1937
-1944
-1977
-1984
-2011
-2017
-2038
-2044
-2058
-2065
-2071
-2078
-2077
-2084
-2077
-2083
-2070
-2075
-2056
-2062
-2033
-2040
-2005
-2011
-1971
-1976
-1931
-1935
-1883
-1888
-1828
-1833
-1769
-1775
-1704
-1708
-1633
-1637
-1556
-1560
-1474
-1478
-1387
-1390
-1296
-1298
-1199
-1203
-1101
-1103
-997
-998
-890
-891
-782
-782
-670
-670
-554
-555
-438
-437
-322
-321
-201
-201
-82
-81
36
39
157
160
277
279
394
398
511
514
627
630
738
743
851
854
958
962
1061
1068
1164
1170
1259
1265
1354
1360
1441
1448
1526
1532
1605
1609
1677
1684
1746
1753
1807
1813
1863
1870
1913
1921
1956
1964
1993
2000
2023
2030
2046
2055
2064
2072
2074
2081
2077
2084
2073
2080
2062
2071
2045
2052
2021
2029
1991
1998
1951
1959
1908
1915
1860
1864
1802
1808
1739
1744
1671
1676
1598
1602
1519
1523
1434
1439
1345
1348
1253
1257
1153
1158
1056
1056
950
952
839
841
729
731
617
618
500
502
384
384
266
267
147
147
27
26
-93
-94
-212
-214
-331
-333
-449
-451
-565
-568
-678
-681
-791
-794
-899
-904
-1007
-1011
-1110
-1114
-1209
-1213
-1304
-1309
-1396
-1401
-1483
-1486
-1563
-1568
-1640
-1645
-1709
-1716
-1776
-1783
-1835
-1841
-1887
-1894
-1936
-1942
-1976
-1982
-2010
-2016
-2037
-2044
-2059
-2064
-2071
-2078
-2078
-2085
-2079
-2085
-2071
-2078
-2058
-2063
-2036
-2044
-2009
-2016
-1976
-1982
-1935
-1941
-1888
-1893
-1835
-1841
-1775
-1780
-1710
-1714
-1640
-1644
-1564
-1567
-1481
-1484
-1395
-1398
-1305
-1308
-1210
-1211
-1110
-1112
-1007
-1008
-901
-902
-791
-791
-680
-679
-564
-566
-449
-449
-333
-330
-213
-211
-93
-92
26
27
145
148
263
268
382
385
500
504
615
620
727
732
841
844
947
952
1050
1057
1153
1159
1250
1257
1345
1350
1433
1440
1518
1524
1597
1604
1670
1676
1739
1746
1800
1809
1858
1866
1908
1916
1953
1960
1989
1999
2022
2029
2044
2053
2063
2070
2074
2082
2077
2086
2076
2082
2065
2072
2049
2055
2022
2031
1993
1999
1957
1963
1914
1919
1864
1869
1808
1813
1745
1751
1679
1682
1607
1610
1527
1530
1444
1447
1354
1356
1262
1263
1163
1167
1062
1067
961
961
850
852
741
741
627
627
512
512
395
396
276
277
158
157
39
38
-81
-83
-200
-203
-320
-321
-437
-440
-554
-557
-668
-671
-779
-783
-890
-893
-996
-1000
-1100
-1104
-1197
-1203
-1295
-1300
-1386
-1392
-1472
-1478
-1556
-1561
-1632
-1638
-1703
-1710
-1769
-1776
-1829
-1836
-1884
-1891
-1930
-1938
-1971
-1978
-2007
-2013
-2035
-2041
-2057
-2063
-2070
-2077
-2078
-2085
-2079
-2084
-2073
-2079
-2060
-2066
-2040
-2045
-2014
-2018
-1979
-1985
-1939
-1945
-1894
-1898
-1839
-1845
-1782
-1786
-1718
-1722
-1646
-1651
-1572
-1575
-1490
-1494
-1405
-1406
-1314
-1315
-1218
-1221
-1120
-1123
-1018
-1018
-910
-912
-803
-802
-692
-690
-577
-576
-461
-459
-343
-341
-225
-223
-106
-104
15
17
135
137
253
258
372
376
489
493
604
608
717
723
830
834
936
943
1039
1047
1144
1148
1240
1249
1336
1342
1424
1431
1508
1517
1589
1597
1663
1671
1732
1741
1796
1804
1852
1861
1904
1912
1949
1957
1986
1995
2019
2027
2043
2051
2063
2070
2074
2081
2079
2085
2077
2083
2067
2073
2050
2058
2026
2035
1998
2004
1960
1968
1919
1926
1869
1876
1813
1820
1751
1759
1684
1692
1611
1617
1533
1538
1450
1454
1364
1368
1270
1273
1172
1176
1073
1076
970
971
860
863
751
753
638
640
521
523
407
406
290
288
171
168
50
49
-71
-71
-190
-191
-307
-310
-425
-428
-541
-546
-657
-660
-769
-773
-880
-883
-985
-991
-1089
-1094
-1189
-1195
-1286
-1291
-1376
-1382
-1464
-1470
-1547
-1553
-1622
-1631
-1695
-1702
-1762
-1769
-1822
-1830
-1876
-1883
-1925
-1932
-1967
-1974
-2002
-2009
-2029
-2038
-2052
-2060
-2068
-2074
-2075
-2082
-2076
-2083
-2071
-2079
-2059
-2065
-2040
-2045
-2014
-2020
-1981
-1988
-1942
-1946
-1897
-1902
-1845
-1850
-1786
-1791
-1722
-1726
-1652
-1657
-1577
-1582
-1497
-1500
-1411
-1415
-1321
-1325
-1227
-1230
-1128
-1131
-1024
-1027
-920
-922
-811
-813
-700
-700
-585
-586
-469
-470
-352
-352
-234
-233
-115
-113
5
6
124
126
244
246
363
364
479
482
595
598
710
712
820
823
931
932
1035
1038
1137
1139
1235
1238
1329
1333
1418
1423
1501
1509
1584
1591
1659
1664
1728
1734
1792
1797
1850
1855
1901
1907
1946
1951
1982
1991
2018
2023
2043
2048
2062
2067
2074
2080
2077
2085
2076
2082
2067
2073
2051
2059
2029
2035
2002
2006
1965
1970
1923
1928
1874
1879
1818
1823
1758
1762
1692
1695
1621
1623
1542
1545
1457
1462
1371
1374
1277
1282
1184
1183
1083
1084
977
978
875
872
761
761
648
648
536
534
418
418
300
299
181
178
60
60
-58
-61
-178
-181
-297
-300
-414
-418
-530
-534
-646
-650
-759
-763
-867
-873
-976
-981
-1082
-1085
-1180
-1187
-1277
-1283
-1371
-1376
-1456
-1464
-1539
-1546
-1617
-1623
-1690
-1698
-1757
-1764
-1817
-1825
-1873
-1880
-1922
-1929
-1963
-1972
-1999
-2006
-2030
-2036
-2051
-2058
-2067
-2074
-2077
-2083
-2078
-2085
-2073
-2080
-2059
-2068
-2043
-2048
-2017
-2024
-1986
-1991
-1946
-1952
-1902
-1907
-1850
-1855
-1792
-1797
-1729
-1733
-1659
-1664
-1584
-1588
-1504
-1507
-1421
-1423
-1330
-1333
-1236
-1239
-1139
-1141
-1037
-1038
-930
-932
-821
-823
-712
-712
-597
-597
-481
-481
-365
-363
-246
-245
-127
-125
-7
-6
111
114
230
234
350
353
468
471
582
586
697
700
807
813
918
922
1028
1028
1127
1131
1223
1230
1320
1326
1409
1416
1495
1501
1577
1582
1651
1658
1721
1728
1786
1793
1843
1851
1895
1903
1943
1949
1981
1988
2015
2020
2041
2047
2059
2066
2073
2079
2077
2084
2078
2084
2068
2074
2052
2061
2030
2038
2004
2010
1966
1974
1925
1932
1877
1886
1823
1829
1763
1768
1695
1701
1625
1630
1548
1551
1467
1470
1379
1383
1287
1290
1190
1194
1090
1093
986
988
880
881
772
771
658
658
544
544
428
427
310
308
192
190
72
71
-48
-51
-167
-171
-286
-288
-404
-407
-521
-524
-636
-641
-749
-753
-860
-864
-968
-972
-1071
-1077
-1171
-1177
-1270
-1275
-1362
-1367
-1450
-1456
-1533
-1539
-1611
-1618
-1684
-1691
-1750
-1759
-1814
-1820
-1868
-1876
-1919
-1925
-1961
-1969
-1997
-2005
-2026
-2035
-2051
-2057
-2068
-2075
-2077
-2084
-2079
-2085
-2075
-2080
-2064
-2070
-2046
-2052
-2020
-2026
-1988
-1996
-1952
-1957
-1906
-1912
-1856
-1861
-1799
-1804
-1735
-1740
-1665
-1672
-1591
-1596
-1513
-1517
-1428
-1432
-1338
-1342
-1243
-1248
-1146
-1150
-1045
-1048
-941
-942
-833
-833
-720
-722
-607
-609
-492
-493
-374
-375
-257
-256
-138
-137
-19
-17
101
104
220
224
340
341
456
459
573
575
687
690
798
802
906
911
1017
1018
1117
1123
1215
1220
1312
1316
1401
1407
1488
1494
1569
1575
1644
1652
1716
1722
1779
1785
1837
1845
1891
1898
1939
1945
1978
1984
2011
2019
2038
2046
2058
2065
2072
2077
2077
2084
2078
2084
2069
2076
2055
2062
2036
2041
2006
2012
1971
1977
1932
1936
1883
1889
1830
1834
1772
1775
1706
1709
1633
1637
1555
1560
1474
1479
1387
1391
1296
1299
1202
1204
1102
1102
996
999
892
893
784
782
669
670
555
556
439
439
322
322
204
202
83
81
-36
-38
-154
-158
-273
-278
-393
-397
-510
-513
-626
-628
-739
-743
-848
-853
-956
-960
-1060
-1066
-1162
-1167
-1259
-1265
-1352
-1358
-1439
-1446
-1523
-1531
-1603
-1610
-1677
-1683
-1745
-1751
-1806
-1813
-1863
-1869
-1915
-1919
-1957
-1963
-1994
-1999
-2024
-2031
-2048
-2055
-2063
-2072
-2074
-2082
-2078
-2085
-2074
-2082
-2064
-2071
-2048
-2053
-2023
-2029
-1991
-1999
-1954
-1961
-1909
-1917
-1862
-1867
-1803
-1809
-1740
-1746
-1672
-1679
-1598
-1604
-1519
-1524
-1435
-1441
-1346
-1351
-1253
-1258
-1156
-1160
-1055
-1058
-950
-952
-841
-844
-731
-733
-617
-620
-502
-504
-386
-386
-268
-268
-149
-148
-28
-27
92
92
211
212
329
331
446
449
563
565
675
680
790
793
897
902
1004
1010
1106
1112
1206
1213
1304
1307
1393
1399
1480
1485
1560
1568
1637
1643
1708
1715
1774
1780
1833
1839
1886
1893
1932
1941
1973
1982
2008
2015
2034
2041
2056
2064
2069
2076
2076
2084
