1651 9 80004e20 0 2710 9
424
413
438
426
450
439
460
451
471
460
478
468
486
475
491
478
493
482
496
483
495
484
495
483
491
478
486
474
479
467
472
460
460
450
451
439
437
427
424
412
409
397
392
380
373
365
354
345
334
325
310
304
288
281
265
257
241
235
215
210
189
183
162
159
135
131
108
104
81
77
52
49
23
23
-5
-7
-35
-34
-64
-62
-91
-88
-118
-116
-146
-144
-174
-169
-199
-195
-226
-220
-250
-245
-275
-269
-298
-291
-319
-314
-343
-333
-362
-354
-380
-373
-397
-389
-413
-405
-429
-420
-443
-433
-455
-445
-465
-455
-474
-463
-482
-470
-487
-477
-492
-481
-493
-483
-494
-483
-493
-482
-493
-480
-488
-476
-482
-471
-474
-464
-468
-456
-456
-445
-444
-433
-431
-420
-416
-406
-400
-390
-381
-374
-362
-355
-343
-336
-322
-316
-299
-293
-277
-272
-253
-249
-229
-223
-203
-197
-177
-172
-149
-145
-121
-119
-94
-93
-68
-66
-37
-36
-9
-8
20
20
49
46
76
74
105
102
132
128
160
155
187
181
211
206
239
233
263
256
286
278
309
301
331
323
351
343
371
361
390
379
406
395
421
411
436
425
449
437
460
448
470
457
478
465
484
472
490
478
494
480
495
483
496
483
495
481
491
478
486
473
480
467
471
460
461
450
451
438
438
427
423
415
408
398
393
381
376
363
356
345
335
325
313
304
290
282
267
258
242
236
217
209
190
185
164
159
139
133
110
106
81
79
55
50
25
23
-3
-5
-31
-33
-59
-60
-89
-88
-117
-116
-144
-142
-171
-168
-197
-194
-223
-219
-249
-243
-273
-268
-295
-291
-319
-312
-340
-333
-359
-353
-379
-371
-396
-388
-413
-404
-429
-417
-442
-432
-455
-444
-464
-454
-473
-463
-481
-470
-486
-476
-491
-480
-494
-483
-495
-484
-495
-484
-492
-480
-487
-477
-484
-471
-475
-464
-467
-456
-456
-446
-445
-435
-433
-423
-418
-407
-401
-392
-384
-374
-368
-357
-347
-340
-324
-317
-303
-295
-279
-273
-255
-250
-231
-225
-205
-200
-179
-173
-154
-149
-124
-121
-97
-95
-68
-67
-40
-39
-11
-11
17
17
46
44
73
73
102
100
131
127
155
153
184
180
211
205
237
229
260
254
285
277
307
299
331
321
350
341
369
360
389
377
404
394
421
410
435
425
447
436
459
448
469
457
477
466
483
473
491
478
493
481
495
482
496
482
495
482
490
479
485
474
481
468
473
460
462
451
452
442
440
429
426
415
408
400
395
383
376
366
357
347
337
327
315
307
293
285
270
262
246
237
220
213
194
188
166
163
138
137
112
109
85
82
56
54
28
26
0
-2
-29
-29
-57
-57
-86
-85
-114
-112
-141
-139
-167
-165
-195
-192
-221
-216
-245
-241
-270
-265
-294
-287
-315
-309
-337
-330
-358
-350
-375
-369
-394
-386
-411
-403
-428
-418
-441
-431
-453
-442
-464
-452
-472
-462
-481
-469
-487
-474
-491
-479
-493
-483
-495
-483
-495
-483
-492
-480
-490
-476
-486
-473
-477
-466
-468
-457
-458
-446
-446
-436
-433
-422
-419
-408
-402
-393
-385
-375
-367
-359
-348
-338
-329
-318
-305
-297
-280
-275
-259
-251
-233
-227
-207
-202
-182
-176
-156
-151
-128
-124
-100
-97
-71
-70
-43
-41
-15
-14
15
14
43
42
71
70
99
96
126
123
152
150
181
177
206
203
231
228
259
252
280
275
304
297
326
319
346
340
366
358
386
376
404
393
419
409
434
423
447
435
457
446
468
457
477
465
483
471
489
477
493
481
495
482
495
484
495
483
491
480
486
476
481
469
472
462
463
453
453
442
441
429
427
416
411
402
395
385
377
368
359
349
337
330
316
309
294
287
270
264
246
240
221
216
195
190
169
164
142
138
114
111
86
83
57
55
28
28
1
1
-29
-27
-56
-54
-84
-82
-112
-110
-140
-137
-167
-162
-195
-188
-220
-215
-244
-240
-270
-264
-294
-286
-314
-307
-336
-329
-357
-349
-377
-367
-395
-386
-411
-400
-425
-415
-439
-429
-453
-443
-464
-455
-473
-461
-481
-468
-488
-475
-491
-480
-495
-482
-496
-484
-496
-483
-494
-482
-491
-478
-486
-473
-477
-466
-470
-457
-459
-448
-448
-437
-435
-423
-420
-411
-405
-396
-387
-378
-370
-359
-349
-341
-328
-320
-308
-300
-284
-277
-261
-254
-237
-230
-211
-204
-184
-179
-158
-153
-131
-127
-104
-99
-75
-72
-47
-44
-18
-16
10
11
38
39
67
66
96
93
124
121
150
148
177
174
204
199
230
225
253
249
277
271
302
294
322
317
344
337
365
356
383
375
402
391
417
407
432
421
446
433
456
445
466
455
474
464
482
471
489
476
492
480
494
483
495
483
494
482
492
480
487
476
480
469
474
462
465
453
455
444
443
432
427
417
414
404
396
387
379
370
360
352
339
331
319
311
296
289
273
266
248
242
224
218
198
193
171
168
145
140
118
114
90
87
61
59
33
30
4
3
-26
-24
-54
-52
-82
-80
-109
-107
-137
-135
-164
-160
-190
-186
-217
-212
-241
-237
-269
-262
-292
-283
-311
-305
-334
-326
-355
-347
-375
-366
-391
-383
-409
-399
-426
-415
-440
-428
-451
-442
-461
-452
-470
-461
-481
-469
-487
-475
-492
-480
-494
-482
-495
-485
-497
-484
-493
-481
-490
-478
-486
-473
-477
-467
-470
-460
-461
-450
-450
-439
-436
-425
-422
-412
-406
-397
-390
-380
-372
-363
-352
-343
-331
-323
-309
-302
-287
-278
-263
-256
-238
-232
-213
-207
-186
-181
-159
-155
-133
-129
-105
-103
-77
-75
-48
-47
-19
-19
10
9
37
37
65
65
94
92
122
119
149
147
176
173
201
197
230
223
253
247
277
270
300
294
322
315
344
336
363
356
382
373
399
390
415
406
431
421
444
434
455
445
468
455
475
462
482
470
488
476
492
480
495
482
497
483
494
482
491
479
487
475
482
471
475
463
466
453
456
443
442
432
430
418
415
403
398
388
381
370
362
352
342
333
321
313
298
291
276
268
251
245
226
221
200
194
173
168
144
142
119
116
91
88
64
61
34
32
5
3
-22
-22
-50
-49
-79
-78
-108
-105
-134
-133
-162
-158
-188
-186
-215
-209
-239
-234
-264
-260
-286
-282
-312
-304
-332
-325
-352
-344
-373
-363
-391
-381
-406
-396
-422
-412
-437
-427
-449
-439
-460
-449
-469
-460
-479
-466
-486
-474
-490
-480
-494
-481
-495
-483
-495
-483
-493
-480
-489
-478
-485
-474
-478
-468
-471
-459
-460
-449
-450
-440
-437
-427
-422
-414
-408
-398
-391
-381
-374
-363
-353
-345
-331
-324
-311
-302
-287
-280
-264
-258
-240
-234
-214
-209
-189
-184
-161
-158
-134
-130
-108
-104
-80
-75
-50
-49
-22
-21
6
6
35
33
64
63
93
89
120
116
147
143
174
171
201
195
227
220
252
245
276
268
299
290
320
313
342
333
361
352
379
371
396
389
414
405
430
419
442
432
456
445
466
455
475
464
481
471
488
476
492
480
494
483
495
483
493
482
492
480
488
477
481
471
475
463
466
455
455
445
444
433
431
420
416
405
399
391
382
373
365
355
343
335
323
314
300
293
276
270
253
247
228
222
201
195
175
171
149
145
121
117
94
90
66
64
36
35
8
7
-20
-20
-49
-48
-76
-76
-103
-103
-132
-129
-161
-156
-186
-182
-212
-207
-238
-232
-263
-257
-286
-280
-310
-302
-329
-324
-350
-343
-370
-362
-388
-380
-405
-397
-422
-413
-436
-427
-448
-438
-460
-449
-470
-459
-478
-467
-484
-473
-490
-478
-494
-482
-495
-484
-495
-484
-492
-482
-490
-478
-486
-475
-481
-467
-472
-461
-461
-451
-451
-439
-438
-428
-424
-415
-410
-399
-392
-382
-374
-365
-355
-346
-335
-327
-313
-305
-289
-284
-266
-261
-242
-236
-216
-211
-189
-185
-165
-159
-137
-133
-109
-106
-82
-79
-52
-51
-25
-24
4
4
32
32
62
59
89
87
118
115
143
142
170
167
198
193
223
219
250
243
274
266
296
289
319
310
340
331
359
351
379
369
395
386
413
403
428
417
441
431
453
443
465
454
473
462
483
470
487
475
493
480
495
482
496
482
496
482
492
480
489
476
483
471
478
464
467
456
456
445
446
435
432
421
418
406
401
391
384
375
367
356
346
337
326
316
303
293
279
272
256
249
231
225
206
200
178
174
152
149
124
120
97
93
70
67
41
37
12
10
-16
-17
-45
-45
-73
-73
-101
-100
-128
-127
-156
-153
-183
-181
-211
-204
-235
-231
-259
-255
-284
-277
-306
-300
-328
-321
-349
-341
-368
-361
-387
-379
-405
-396
-420
-411
-434
-424
-448
-438
-459
-449
-469
-459
-478
-466
-484
-474
-489
-479
-493
-481
-495
-484
-496
-484
-494
-482
-492
-479
-487
-475
-480
-469
-474
-462
-464
-452
-453
-442
-440
-430
-425
-416
-411
-402
-395
-384
-377
-367
-356
-347
-337
-328
-315
-308
-292
-286
-267
-262
-245
-238
-220
-213
-191
-188
-166
-162
-139
-136
-111
-109
-85
-81
-54
-55
-27
-27
2
2
30
30
58
57
87
84
115
112
141
139
170
165
196
191
222
216
246
242
270
264
295
287
317
308
340
329
358
350
378
368
397
385
412
402
428
416
442
430
454
442
465
453
473
461
480
468
488
475
492
479
495
482
496
484
497
484
492
480
490
477
485
471
476
465
468
456
459
447
447
436
433
422
420
408
405
393
386
377
368
359
347
340
327
319
305
297
282
274
258
249
233
225
207
201
182
176
155
151
127
124
101
96
70
70
43
41
14
13
-15
-16
-43
-42
-71
-70
-98
-98
-127
-125
-154
-153
-182
-178
-207
-203
-231
-228
-257
-252
-281
-275
-304
-298
-327
-319
-347
-340
-368
-359
-386
-377
-403
-394
-419
-409
-434
-423
-447
-436
-458
-447
-471
-457
-476
-465
-482
-472
-489
-477
-494
-480
-494
-483
-495
-483
-492
-482
-490
-479
-486
-474
-479
-467
-472
-461
-462
-453
-453
-442
-441
-430
-426
-417
-411
-402
-394
-385
-376
-368
-358
-349
-338
-329
-314
-308
-294
-286
-269
-263
-246
-241
-221
-215
-194
-191
-168
-164
-142
-137
-115
-111
-86
-84
-57
-57
-29
-28
-2
0
29
27
57
54
85
83
113
110
140
137
166
164
194
188
220
215
243
239
269
262
292
284
314
306
335
327
357
348
377
366
392
384
410
400
426
415
440
429
453
441
463
451
473
459
479
467
486
473
490
478
494
481
494
482
495
482
492
480
489
477
484
472
477
466
470
458
458
447
447
437
433
424
420
409
404
394
387
377
369
359
349
339
329
319
306
299
284
277
259
253
236
228
209
204
183
178
157
153
129
125
102
98
74
71
45
43
18
16
-12
-12
-40
-40
-68
-68
-97
-96
-125
-122
-151
-150
-179
-175
-205
-201
-231
-225
-255
-250
-280
-274
-303
-297
-324
-318
-346
-338
-365
-358
-385
-377
-402
-393
-419
-409
-433
-422
-445
-435
-457
-448
-468
-457
-477
-466
-485
-473
-489
-479
-493
-482
-495
-484
-496
-484
-495
-483
-493
-481
-489
-476
-482
-470
-473
-463
-465
-454
-455
-444
-443
-432
-429
-418
-415
-405
-398
-387
-379
-371
-361
-352
-339
-332
-317
-310
-296
-289
-272
-266
-249
-242
-223
-218
-197
-193
-171
-168
-144
-141
-117
-113
-89
-86
-59
-59
-31
-31
-4
-4
23
22
55
51
82
80
109
107
138
134
164
160
190
186
216
212
242
236
268
260
291
283
314
304
335
327
355
346
375
364
392
383
409
399
424
415
437
428
451
441
463
451
471
460
478
467
486
474
490
478
495
482
495
483
496
482
494
481
490
478
484
473
479
467
472
459
459
448
448
438
436
426
423
411
407
395
389
379
372
362
351
342
332
322
309
301
285
278
263
256
237
231
213
206
186
181
160
154
132
128
104
101
78
74
48
47
21
19
-8
-9
-38
-37
-65
-64
-94
-92
-122
-119
-149
-146
-174
-173
-202
-198
-229
-223
-253
-247
-278
-271
-299
-293
-321
-316
-344
-336
-364
-356
-381
-374
-399
-391
-415
-407
-430
-421
-443
-435
-455
-446
-466
-455
-475
-464
-482
-471
-489
-476
-492
-480
-495
-482
-496
-483
-494
-484
-491
-481
-488
-477
-482
-470
-475
-464
-465
-455
-454
-444
-442
-433
-430
-419
-415
-405
-398
-389
-381
-371
-363
-354
-342
-333
-321
-312
-298
-291
-275
-268
-253
-246
-227
-221
-200
-196
-174
-169
-146
-144
-119
-116
-92
-90
-63
-62
-35
-34
-7
-6
22
21
50
49
78
77
108
103
134
131
163
157
189
183
214
209
238
234
264
259
288
281
309
304
332
325
353
345
373
363
392
381
407
397
424
412
438
427
451
439
462
450
471
460
478
467
486
473
491
477
493
481
496
482
495
482
496
482
490
477
487
473
480
466
471
458
462
448
451
438
438
426
422
412
408
397
391
381
374
363
354
344
332
325
310
302
287
280
265
257
240
233
215
209
188
183
163
157
135
131
107
103
78
77
50
48
22
21
-7
-7
-36
-35
-63
-63
-91
-91
-120
-119
-148
-145
-174
-171
-200
-196
-225
-221
-251
-246
-276
-269
-297
-293
-321
-314
-342
-334
-363
-354
-381
-371
-398
-390
-414
-405
-429
-420
-442
-433
-455
-445
-465
-455
-474
-463
-480
-471
-487
-477
-491
-480
-494
-484
-494
-484
-495
-483
-492
-480
-487
-475
-482
-470
-475
-462
-467
-455
-458
-447
-445
-434
-430
-421
-417
-406
-401
-391
-383
-374
-363
-354
-343
-336
-322
-314
-299
-293
-278
-270
-254
-247
-227
-222
-203
-197
-177
-171
-149
-145
-121
-117
-94
-90
-67
-63
-38
-36
-8
-8
21
19
48
47
76
74
104
103
132
128
160
155
186
181
212
207
239
233
263
256
287
280
310
301
331
323
353
343
372
362
389
379
406
396
423
412
436
424
448
438
461
449
471
458
477
467
484
473
491
478
494
481
495
483
496
482
494
481
491
478
486
473
480
467
471
459
460
451
451
440
438
426
422
413
409
399
393
382
373
364
355
345
335
325
312
304
291
283
267
260
241
235
216
212
190
185
164
158
136
132
110
106
81
78
53
50
25
22
-5
-4
-34
-34
-62
-62
-90
-89
-118
-116
-144
-143
-173
-169
-199
-195
-223
-219
-249
-244
-273
-268
-298
-291
-318
-312
-341
-334
-360
-353
-379
-371
-398
-389
-415
-405
-429
-419
-442
-433
-455
-445
-465
-455
-474
-464
-482
-470
-490
-479
-494
-482
-494
-483
-496
-484
-494
-482
-492
-482
-491
-477
-483
-472
-477
-464
-468
-457
-458
-447
-445
-436
-432
-423
-418
-409
-402
-392
-385
-375
-366
-358
-346
-338
-326
-318
-302
-296
-279
-274
-255
-250
-232
-225
-206
-201
-180
-176
-153
-149
-125
-122
-97
-95
-69
-68
-42
-40
-13
-13
16
15
44
43
73
70
101
99
127
125
156
152
183
178
210
203
234
228
260
252
283
277
304
299
327
321
348
341
368
360
387
377
404
394
419
409
433
423
447
436
458
447
468
458
476
466
485
472
488
478
492
480
493
482
495
482
493
481
489
478
486
474
480
467
472
459
462
451
452
440
439
428
426
415
409
400
393
383
375
364
356
346
336
327
313
304
291
284
269
261
244
237
220
212
194
187
167
160
138
134
112
109
84
80
55
52
28
25
-1
-2
-30
-30
-59
-59
-88
-86
-115
-111
-143
-140
-169
-166
-196
-191
-222
-217
-246
-241
-271
-265
-295
-288
-316
-310
-339
-331
-361
-352
-378
-369
-395
-387
-412
-402
-427
-418
-442
-431
-452
-442
-465
-453
-475
-462
-480
-469
-488
-476
-491
-480
-493
-481
-496
-483
-494
-483
-493
-481
-489
-477
-483
-473
-476
-465
-468
-456
-459
-447
-446
-436
-434
-423
-419
-409
-403
-393
-385
-377
-366
-359
-348
-340
-326
-318
-304
-297
-282
-275
-258
-251
-233
-228
-207
-202
-182
-176
-154
-150
-127
-123
-99
-97
-72
-69
-43
-42
-15
-14
15
14
41
42
71
70
100
97
127
125
154
150
181
178
207
203
232
228
258
251
282
274
305
298
326
319
347
340
368
357
386
377
403
393
418
408
434
423
447
436
458
448
469
458
475
465
484
472
489
477
493
481
494
483
495
483
494
482
490
479
487
475
480
469
474
462
464
452
454
442
440
430
429
417
413
401
395
386
378
367
358
348
339
329
319
308
294
286
272
263
246
239
222
215
195
190
169
164
142
139
114
111
87
84
59
56
30
28
2
0
-26
-27
-55
-55
-85
-84
-114
-111
-140
-135
-166
-163
-192
-190
-218
-214
-244
-239
-267
-263
-291
-286
-315
-307
-337
-329
-358
-348
-376
-367
-393
-384
-411
-401
-425
-416
-439
-429
-452
-441
-463
-451
-473
-461
-479
-468
-486
-474
-491
-479
-494
-482
-495
-483
-496
-482
-495
-481
-491
-477
-484
-472
-479
-466
-469
-457
-459
-448
-448
-437
-435
-425
-421
-410
-405
-395
-389
-378
-369
-359
-350
-340
-329
-320
-306
-298
-283
-278
-259
-253
-235
-229
-209
-205
-183
-178
-156
-152
-130
-126
-102
-100
-74
-71
-47
-44
-16
-15
11
12
39
40
69
67
96
95
125
122
152
148
179
175
205
201
232
226
257
251
280
274
303
296
326
318
345
338
365
357
384
376
403
392
417
408
433
422
447
436
458
446
468
456
477
465
484
472
489
477
493
479
495
483
496
483
494
482
492
480
487
477
481
469
474
463
465
454
453
443
443
432
430
418
413
404
396
387
379
369
360
350
341
330
319
310
298
288
273
266
248
243
224
218
197
192
169
165
145
139
116
113
89
87
59
58
31
31
4
3
-26
-25
-52
-53
-81
-79
-109
-107
-136
-134
-163
-159
-191
-186
-217
-211
-242
-237
-267
-261
-289
-283
-311
-306
-334
-326
-353
-346
-373
-365
-392
-384
-409
-401
-424
-415
-438
-428
-450
-440
-461
-451
-472
-461
-479
-468
-486
-474
-490
-479
-494
-481
-494
-484
-494
-483
-492
-481
-490
-477
-485
-472
-477
-466
-470
-458
-459
-449
-449
-438
-435
-425
-422
-410
-407
-396
-390
-380
-370
-361
-350
-341
-330
-321
-308
-301
-286
-279
-261
-256
-237
-232
-213
-207
-185
-181
-159
-155
-132
-128
-104
-102
-76
-73
-48
-47
-19
-18
9
10
38
37
67
64
93
92
122
120
150
146
177
173
202
198
227
224
253
247
278
271
300
293
323
315
345
336
362
355
382
373
401
390
416
406
431
421
444
434
457
444
467
455
476
464
482
470
489
477
492
480
494
482
495
482
494
482
491
480
488
476
482
470
475
462
467
454
455
444
444
432
431
419
415
404
397
386
380
371
363
353
342
333
321
313
297
291
275
268
253
244
225
220
200
195
173
169
147
143
121
116
91
89
64
62
36
34
8
6
-21
-22
-51
-50
-79
-79
-108
-105
-135
-132
-161
-158
-188
-185
-216
-210
-241
-234
-265
-259
-289
-283
-312
-304
-332
-325
-353
-345
-373
-363
-391
-381
-408
-398
-424
-414
-439
-427
-450
-439
-461
-450
-470
-458
-478
-467
-485
-473
-491
-478
-493
-480
-494
-482
-494
-483
-493
-480
-490
-476
-485
-472
-478
-465
-470
-457
-462
-450
-450
-438
-436
-425
-423
-412
-408
-397
-391
-380
-372
-363
-353
-344
-331
-324
-310
-302
-288
-280
-263
-257
-238
-232
-214
-208
-188
-183
-163
-156
-135
-129
-107
-103
-78
-76
-50
-48
-21
-20
8
8
35
34
64
63
92
91
119
118
148
145
176
170
201
196
227
222
252
246
275
269
299
292
322
313
344
334
363
354
381
372
399
390
414
406
429
419
444
432
455
444
466
455
473
462
482
470
487
476
493
480
496
482
495
483
492
481
492
480
489
476
484
471
475
464
467
454
457
445
446
433
431
420
417
406
400
391
382
374
365
355
344
335
323
315
301
292
277
271
254
248
228
222
203
198
176
172
150
145
121
118
94
91
64
64
38
36
10
8
-19
-19
-47
-47
-77
-74
-104
-101
-133
-130
-160
-156
-185
-183
-211
-207
-236
-233
-262
-257
-285
-279
-308
-302
-330
-323
-350
-342
-370
-362
-387
-379
-406
-396
-421
-411
-436
-425
-449
-437
-460
-449
-471
-458
-477
-467
-484
-474
-491
-477
-493
-481
-495
-483
-495
-482
-494
-482
-490
-478
-486
-474
-479
-468
-472
-459
-463
-449
-451
-440
-439
-428
-425
-413
-409
-399
-391
-383
-373
-364
-355
-346
-335
-325
-313
-304
-289
-283
-268
-259
-242
-236
-217
-212
-190
-187
-165
-160
-137
-133
-110
-107
-82
-81
-53
-52
-25
-24
3
4
32
32
60
60
89
87
117
114
145
141
171
167
197
193
225
218
249
243
274
268
296
290
318
311
339
333
360
352
379
371
396
386
411
403
428
419
443
431
454
443
465
454
474
463
482
470
487
476
491
479
494
482
495
484
494
483
492
480
487
477
481
472
475
465
468
456
457
446
445
434
433
421
418
407
401
390
383
374
365
356
346
337
324
317
301
294
279
272
256
248
230
224
205
200
178
173
152
148
123
121
95
94
69
65
40
39
12
10
-18
-17
-46
-45
-75
-74
-102
-101
-129
-127
-156
-153
-183
-180
-212
-206
-235
-230
-260
-254
-284
-277
-308
-300
-329
-321
-351
-341
-370
-360
-388
-377
-404
-394
-421
-409
-436
-424
-449
-436
-460
-446
-470
-457
-478
-466
-484
-472
-490
-477
-493
-481
-495
-482
-497
-482
-495
-481
-491
-478
-487
-475
-480
-469
-472
-460
-462
-451
-453
-441
-439
-429
-425
-414
-411
-399
-393
-382
-376
-366
-356
-347
-336
-327
-315
-306
-293
-285
-270
-262
-245
-237
-219
-214
-194
-188
-167
-162
-140
-135
-113
-107
-85
-81
-57
-54
-28
-25
1
2
29
30
58
57
85
85
114
111
142
139
167
163
195
191
221
216
247
241
271
264
293
287
317
310
337
331
359
350
377
368
393
386
412
402
426
417
441
430
452
442
463
451
472
461
479
469
486
475
491
480
494
482
495
483
495
482
493
479
489
476
482
471
476
465
469
456
457
445
446
435
432
423
417
407
403
392
385
376
367
358
347
339
326
317
305
297
282
274
257
251
234
227
207
202
179
176
153
149
128
123
98
96
70
69
43
40
13
13
-15
-16
-43
-43
-70
-71
-101
-97
-128
-124
-154
-152
-181
-177
-207
-202
-233
-228
-258
-252
-282
-276
-306
-297
-328
-319
-348
-339
-369
-358
-385
-376
-405
-394
-419
-409
-434
-423
-447
-436
-457
-448
-469
-458
-478
-466
-485
-471
-488
-477
-493
-481
-495
-483
-495
-484
-494
-483
-493
-480
-487
-475
-480
-470
-473
-462
-464
-453
-454
-441
-441
-429
-427
-416
-412
-401
-396
-386
-378
-369
-358
-350
-339
-329
-318
-309
-295
-287
-271
-265
-246
-240
-220
-215
-195
-191
-170
-165
-142
-139
-116
-113
-88
-83
-58
-57
-31
-28
-1
0
26
28
55
55
84
82
111
109
139
135
165
163
194
189
219
214
244
239
268
263
292
286
316
308
335
328
355
349
376
367
393
384
410
401
424
416
440
430
451
443
462
451
472
460
480
468
485
473
490
479
493
481
495
483
493
483
492
481
489
477
483
473
476
465
469
457
457
447
447
436
435
424
419
410
403
396
386
377
368
359
349
341
328
320
305
299
282
276
258
253
234
229
208
204
182
179
155
152
128
125
101
98
72
71
45
44
16
15
-13
-11
-42
-41
-70
-67
-98
-95
-126
-123
-153
-148
-179
-175
-206
-202
-232
-225
-257
-250
-281
-272
-303
-296
-326
-316
-347
-338
-366
-358
-385
-375
-402
-392
-419
-408
-434
-422
-446
-434
-458
-447
-468
-456
-477
-464
-484
-471
-490
-476
-495
-480
-496
-483
-496
-483
-496
-482
-493
-479
-488
-475
-483
-469
-475
-462
-465
-453
-454
-442
-440
-432
-429
-418
-414
-403
-398
-387
-381
-371
-362
-352
-340
-331
-320
-311
-297
-290
-273
-266
-248
-243
-224
-218
-198
-192
-171
-167
-145
-141
-117
-114
-90
-87
-61
-60
-33
-32
-4
-4
24
24
51
52
82
80
107
107
135
133
164
160
190
186
216
210
240
234
266
260
289
282
310
303
334
325
354
345
371
363
391
381
408
398
423
413
438
426
450
439
462
449
470
458
477
467
483
474
489
478
492
480
492
482
494
483
492
480
487
477
483
472
477
465
469
457
460
447
448
436
435
424
421
409
406
394
387
378
368
360
349
341
329
321
307
300
283
277
259
254
237
231
210
205
182
180
157
155
131
127
103
101
74
73
46
46
17
17
-11
-10
-39
-38
-68
-66
-96
-93
-122
-121
-151
-147
-179
-173
-205
-199
-230
-224
-255
-249
-280
-272
-302
-294
-324
-316
-346
-337
-365
-357
-385
-374
-401
-391
-417
-407
-432
-422
-447
-436
-458
-446
-467
-458
-478
-465
-483
-472
-490
-479
-493
-482
-495
-484
-497
-485
-495
-484
-494
-482
-489
-478
-482
-472
-476
-465
-466
-455
-456
-446
-444
-434
-431
-420
-416
-405
-399
-389
-382
-372
-364
-354
-343
-334
-321
-313
-300
-292
-277
-268
-252
-246
-227
-222
-202
-196
-175
-170
-148
-144
-119
-116
-93
-90
-64
-62
-36
-34
-8
-7
22
21
49
49
77
77
106
103
134
130
162
157
187
183
214
208
239
234
264
257
288
280
310
304
332
323
353
344
371
363
389
381
405
397
421
412
436
426
449
438
460
449
470
458
478
467
483
473
488
477
492
479
493
481
493
481
493
480
488
477
485
473
478
466
470
457
460
448
449
437
436
424
422
412
406
397
390
379
372
361
351
343
331
322
309
301
286
280
263
257
239
233
213
208
187
182
161
156
134
129
106
103
78
76
50
47
23
20
-7
-7
-36
-36
-64
-62
-93
-91
-120
-118
-149
-145
-175
-171
-202
-196
-226
-222
-253
-246
-275
-270
-299
-293
-322
-313
-342
-335
-363
-355
-381
-373
-399
-391
-417
-408
-432
-422
-443
-433
-456
-445
-466
-454
-475
-464
-482
-471
-489
-477
-492
-481
-494
-483
-495
-484
-495
-484
-493
-481
-489
-478
-483
-472
-475
-464
-467
-456
-457
-446
-444
-434
-432
-421
-416
-405
-401
-390
-383
-374
-364
-355
-344
-334
-323
-315
-301
-294
-276
-270
-253
-246
-228
-222
-203
-198
-176
-172
-150
-145
-122
-118
-93
-91
-65
-64
-36
-37
-9
-8
19
20
49
47
76
75
104
103
132
129
158
156
185
182
213
207
238
233
263
256
286
280
309
301
330
323
350
343
371
362
388
379
405
395
421
411
435
425
448
437
460
450
470
458
478
466
485
473
489
477
493
480
494
483
496
483
494
481
491
478
486
472
479
467
471
459
462
450
451
440
438
428
424
415
407
399
392
382
374
364
354
346
332
326
313
305
289
283
266
261
242
237
215
212
188
186
162
159
135
133
109
107
81
79
52
52
24
24
-5
-4
-33
-32
-61
-59
-89
-87
-115
-114
-145
-141
-172
-168
-199
-194
-223
-217
-250
-243
-276
-268
-296
-289
-319
-311
-342
-333
-360
-353
-379
-370
-397
-388
-413
-403
-427
-418
-441
-431
-455
-442
-466
-454
-474
-462
-483
-469
-489
-475
-492
-479
-495
-482
-496
-482
-495
-482
-493
-479
-490
-476
-484
-472
-477
-464
-469
-456
-458
-446
-447
-433
-434
-421
-418
-407
-403
-391
-385
-375
-365
-358
-345
-336
-325
-317
-303
-294
-279
-271
-257
-248
-232
-225
-206
-199
-180
-174
-153
-148
-124
-121
-97
-94
-70
-66
-41
-39
-13
-12
15
16
44
44
73
73
100
99
128
127
156
154
182
181
210
207
234
230
259
254
283
277
306
300
328
321
348
341
368
361
386
379
404
394
421
409
435
424
448
436
460
448
470
457
478
466
484
473
490
477
494
481
495
483
496
482
494
481
491
478
484
474
478
467
470
460
463
451
452
441
439
428
424
415
409
400
392
383
375
365
357
347
333
327
314
306
292
284
268
261
244
237
217
212
192
187
165
161
139
135
109
108
82
80
55
53
27
25
-3
-3
-32
-31
-59
-58
-88
-86
-115
-112
-143
-140
-170
-166
-195
-192
-224
-217
-246
-241
-272
-266
-295
-289
-317
-310
-339
-331
-360
-351
-379
-370
-397
-386
-413
-401
-428
-416
-442
-431
-454
-443
-464
-453
-474
-461
-481
-468
-487
-475
-492
-479
-494
-482
-496
-484
-495
-482
-492
-480
-489
-476
-483
-471
-476
-464
-468
-457
-458
-447
-447
-435
-433
-423
-419
-408
-403
-393
-386
-375
-367
-357
-348
-339
-326
-318
-306
-296
-282
-274
-257
-251
-234
-227
-208
-202
-182
-177
-153
-149
-128
-124
-99
-96
-73
-68
-45
-42
-15
-13
13
14
43
42
70
70
99
97
127
125
153
150
182
177
206
203
232
228
257
252
282
275
304
297
326
319
348
340
367
358
384
377
401
393
420
408
434
423
445
437
459
448
467
457
475
465
482
472
488
476
493
481
494
483
495
484
494
482
490
479
486
474
479
468
473
461
464
453
454
443
440
430
426
416
410
401
395
384
378
368
357
349
339
329
316
309
294
286
271
264
246
241
221
216
195
190
170
165
140
139
113
111
86
85
60
57
32
29
2
2
-26
-26
-55
-55
-83
-82
-112
-108
-139
-136
-166
-163
-192
-188
-221
-214
-244
-239
-269
-261
-290
-285
-315
-308
-337
-328
-357
-348
-377
-366
-394
-385
-411
-401
-426
-416
-440
-429
-452
-441
-464
-452
-474
-461
-480
-468
-485
-474
-491
-479
-494
-481
-495
-483
-495
-482
-491
-480
-489
-476
-485
-472
-476
-465
-470
-458
-459
-447
-448
-436
-436
-423
-420
-410
-405
-395
-387
-377
-369
-360
-349
-340
-329
-320
-306
-297
-284
-275
-261
-253
-234
-228
-210
-204
-183
-180
-157
-153
-130
-125
-101
-98
-74
-69
-45
-44
-16
-15
12
12
41
40
68
68
98
95
124
122
151
149
178
175
207
200
231
227
256
250
281
273
304
296
325
317
347
337
366
357
385
374
402
392
419
407
431
422
446
434
458
447
468
456
476
464
481
471
489
476
493
481
493
483
495
484
495
480
492
478
487
475
480
469
476
462
465
452
455
443
443
431
427
417
413
402
396
387
379
369
360
351
340
331
320
311
297
289
274
266
249
243
225
218
199
194
171
168
145
141
118
115
90
86
61
60
33
32
5
4
-24
-24
-52
-52
-80
-78
-109
-105
-138
-133
-163
-160
-191
-186
-217
-211
-241
-236
-265
-259
-291
-282
-312
-305
-333
-326
-353
-347
-373
-365
-393
-384
-409
-400
-424
-414
-439
-428
-451
-440
-462
-450
-472
-459
-480
-468
-485
-473
-489
-479
-492
-481
-495
-482
-495
-482
-493
-480
-489
-478
-483
-474
-478
-466
-469
-458
-460
-449
-449
-437
-435
-424
-422
-412
-406
-396
-389
-380
-371
-361
-351
-342
-330
-322
-309
-301
-288
-278
-261
-254
-237
-231
-212
-207
-186
-182
-159
-156
-132
-129
-103
-102
-76
-75
-47
-47
-19
-19
8
9
39
37
65
65
94
92
123
119
150
146
176
173
202
199
228
222
252
247
277
271
301
293
322
315
344
336
363
355
382
373
399
390
416
405
431
420
444
433
456
445
466
456
475
464
482
471
489
476
491
480
494
483
495
482
494
482
493
479
488
475
482
470
474
463
466
454
455
443
444
432
431
419
416
403
398
388
380
370
362
352
341
332
320
312
298
289
274
267
250
244
225
220
199
194
173
168
146
142
119
116
90
88
63
61
35
32
5
5
-23
-22
-52
-51
-80
-78
-108
-105
-135
-133
-162
-159
-189
-185
-215
-210
-241
-234
-266
-259
-289
-281
-310
-304
-333
-326
-354
-345
-373
-365
-392
-382
-408
-399
-423
-413
-436
-427
-450
-440
-463
-450
-471
-460
-479
-468
-486
-475
-490
-479
-495
-481
-497
-483
-496
-482
-494
-482
-490
-479
-485
-474
-477
-467
-470
-459
-461
-450
-450
-439
-437
-426
-424
-413
-407
-398
-390
-381
-372
-364
-352
-344
-332
-324
-311
-303
-288
-280
-264
-258
-240
-233
-215
-209
-187
-183
-161
-157
-134
-130
-107
-104
-79
-76
-50
-49
-22
-21
6
7
34
34
64
63
91
90
120
117
147
144
174
170
199
196
226
222
253
245
275
269
298
293
322
313
344
334
362
353
381
373
398
389
414
405
428
419
444
432
454
444
464
454
476
463
482
469
488
476
491
479
495
482
495
483
495
483
492
479
487
473
483
471
475
464
466
455
456
445
443
433
431
419
415
405
400
389
381
374
364
355
344
335
321
315
300
293
278
271
253
246
228
222
201
197
176
171
149
145
122
119
92
91
66
65
38
35
8
8
-20
-20
-48
-48
-77
-75
-105
-103
-133
-129
-159
-157
-187
-183
-212
-207
-258
-251
-233
-228
-209
-204
-181
-177
-154
-149
-127
-124
-99
-96
-73
-69
-43
-42
-14
-13
14
13
41
41
70
69
98
97
126
124
153
150
180
177
206
201
231
227
257
252
280
275
304
297
326
319
348
339
367
358
386
376
402
393
417
408
433
422
445
435
457
447
467
457
476
465
482
472
489
477
492
481
494
483
495
482
494
483
490
478
486
474
481
468
473
461
463
453
454
442
441
430
426
417
413
402
396
386
378
368
359
349
338
330
316
309
295
287
271
264
247
240
223
216
196
191
169
165
142
139
116
113
87
85
58
58
32
31
3
2
-27
-26
-55
-53
-83
-81
-111
-108
-138
-136
-166
-163
-192
-189
-218
-212
-242
-237
-268
-260
-290
-284
-312
-305
-336
-327
-355
-347
-374
-366
-391
-384
-410
-400
-425
-416
-438
-428
-452
-442
-463
-453
-471
-461
-480
-468
-485
-473
-489
-478
-494
-481
-495
-482
-495
-482
-493
-480
-489
-477
-484
-472
-477
-465
-470
-457
-458
-447
-448
-437
-435
-425
-421
-411
-405
-395
-387
-378
-368
-360
-349
-340
-329
-321
-307
-298
-283
-277
-260
-253
-236
-229
-211
-204
-184
-179
-158
-153
-129
-125
-103
-100
-75
-72
-47
-46
-16
-17
12
11
39
39
68
66
95
95
125
121
152
147
178
174
204
200
230
225
256
249
279
272
302
295
324
316
346
337
366
356
383
376
401
392
418
407
431
422
446
435
458
446
467
456
475
465
483
472
488
476
493
480
494
482
496
483
494
482
492
479
488
475
482
469
474
463
464
454
455
444
442
431
428
417
413
404
397
387
379
369
360
351
340
332
320
311
296
290
273
266
249
242
224
218
199
194
173
168
144
142
118
114
91
87
62
60
33
33
5
4
-24
-24
-52
-52
-80
-80
-109
-106
-136
-133
-163
-161
-190
-186
-216
-212
-241
-237
-267
-261
-290
-285
-311
-306
-334
-327
-354
-348
-373
-366
-392
-382
-408
-399
-424
-415
-438
-428
-450
-440
-462
-452
-471
-461
-478
-468
-486
-474
-490
-479
-492
-482
-495
-484
-495
-483
-493
-482
-492
-478
-485
-473
-478
-467
-471
-459
-460
-449
-449
-438
-436
-426
-422
-411
-405
-396
-390
-380
-372
-362
-352
-343
-330
-324
-308
-303
-285
-279
-263
-257
-240
-232
-212
-207
-188
-183
-161
-157
-132
-130
-105
-102
-76
-74
-49
-47
-20
-19
9
8
38
36
65
64
93
91
122
118
149
146
176
173
203
197
228
222
252
245
276
270
299
294
321
313
344
335
364
355
383
373
400
390
416
406
430
421
443
433
454
445
466
455
475
464
481
469
487
474
492
479
493
483
495
483
496
483
492
479
488
474
482
470
475
461
466
454
455
444
443
431
429
419
415
405
400
388
381
371
364
353
342
333
321
313
299
292
276
268
254
245
227
221
199
195
175
169
148
143
120
116
92
89
65
62
34
33
6
5
-20
-22
-50
-49
-78
-78
-104
-104
-133
-132
-160
-157
-189
-183
-214
-209
-237
-233
-264
-258
-287
-280
-310
-301
-331
-323
-352
-344
-372
-363
-390
-380
-407
-397
-423
-412
-436
-427
-447
-439
-460
-449
-472
-459
-480
-467
-485
-473
-490
-479
-494
-481
-497
-483
-496
-483
-494
-482
-491
-480
-485
-475
-478
-468
-472
-461
-461
-451
-449
-441
-437
-426
-424
-414
-409
-399
-391
-382
-373
-364
-355
-345
-335
-325
-312
-304
-289
-283
-266
-259
-241
-235
-215
-210
-190
-185
-163
-160
-136
-132
-108
-105
-79
-78
-51
-51
-22
-23
5
5
34
33
63
61
91
88
119
116
147
142
173
169
199
195
226
219
250
244
276
267
297
290
320
311
341
333
361
352
381
371
398
388
414
404
430
418
443
432
455
444
464
454
474
462
482
469
487
474
491
479
493
481
494
482
494
482
492
480
488
476
483
470
476
464
466
455
457
444
445
433
432
420
417
405
400
390
384
373
363
354
344
335
324
315
300
293
277
271
253
247
227
222
201
196
177
171
150
145
123
118
95
93
67
65
39
37
10
8
-20
-19
-47
-47
-77
-74
-104
-102
-131
-129
-159
-155
-186
-182
-213
-208
-237
-232
-261
-256
-285
-279
-308
-301
-330
-322
-351
-343
-371
-362
-388
-379
-405
-397
-422
-411
-436
-425
-448
-438
-460
-448
-468
-458
-478
-466
-486
-473
-491
-478
-493
-482
-496
-484
-496
-482
-493
-481
-491
-480
-486
-474
-479
-468
-472
-460
-462
-451
-451
-440
-438
-427
-425
-414
-409
-400
-392
-382
-375
-365
-355
-348
-335
-326
-313
-305
-290
-282
-267
-260
-243
-236
-219
-212
-190
-187
-165
-161
-137
-135
-109
-107
-83
-81
-54
-53
-26
-24
3
4
31
31
60
58
89
87
116
113
144
140
171
167
196
193
223
218
248
242
271
267
295
288
317
311
339
332
358
351
375
370
394
386
412
402
429
417
441
430
455
442
465
453
474
461
480
469
487
475
492
479
494
481
497
483
494
482
492
479
488
477
483
471
476
464
464
455
457
445
445
433
432
421
419
408
402
392
386
375
367
357
345
337
325
317
303
296
281
273
257
249
232
225
206
199
177
174
153
149
125
122
99
95
70
67
41
40
12
12
-16
-16
-44
-45
-72
-72
-99
-99
-128
-125
-157
-153
-182
-179
-209
-205
-235
-230
-260
-254
-283
-277
-304
-299
-328
-321
-349
-342
-369
-361
-388
-379
-406
-395
-420
-410
-435
-424
-447
-436
-459
-447
-468
-458
-477
-467
-486
-473
-490
-477
-493
-481
-496
-482
-496
-485
-493
-482
-492
-480
-487
-475
-480
-468
-472
-462
-463
-452
-452
-442
-439
-428
-426
-416
-411
-401
-393
-384
-377
-368
-359
-348
-337
-330
-315
-309
-293
-286
-270
-263
-244
-239
-219
-215
-195
-190
-167
-164
-141
-138
-112
-110
-85
-83
-56
-56
-28
-28
1
0
29
28
58
55
86
84
114
112
140
138
168
165
196
191
220
215
246
239
270
263
296
286
315
307
339
329
359
348
376
367
395
385
410
399
426
415
439
429
453
441
462
451
472
460
478
465
483
472
490
479
493
481
494
482
494
482
492
480
489
477
483
471
476
464
467
457
457
446
446
435
432
422
418
407
401
392
385
376
366
356
346
338
324
318
304
297
281
275
257
252
232
227
207
202
181
176
155
150
127
123
99
96
71
70
42
41
16
14
-14
-14
-42
-43
-71
-69
-99
-96
-127
-124
-155
-151
-180
-177
-207
-202
-233
-227
-258
-250
-281
-275
-305
-297
-326
-319
-347
-339
-366
-359
-385
-377
-403
-393
-420
-409
-434
-423
-445
-435
-459
-447
-470
-457
-477
-465
-483
-471
-490
-477
-493
-481
-495
-483
-495
-483
-495
-482
-492
-480
-487
-475
-481
-469
-474
-463
-465
-453
-453
-443
-442
-431
-430
-417
-413
-404
-396
-386
-379
-370
-358
-351
-339
-331
-318
-310
-295
-287
-271
-264
-248
-242
-223
-217
-197
-191
-170
-165
-143
-139
-115
-112
-87
-85
-59
-57
-31
-30
-3
-3
27
26
57
54
84
82
110
108
138
136
165
162
192
188
217
213
244
239
267
262
291
285
312
306
334
327
356
348
374
366
393
385
409
400
423
415
438
430
451
441
462
452
471
461
480
468
485
474
492
478
494
482
495
484
493
483
493
480
490
478
485
473
476
466
469
459
459
449
447
438
434
425
421
411
405
396
388
377
370
360
349
342
328
321
307
300
284
278
260
254
236
230
210
205
183
180
157
154
131
127
103
101
74
72
45
44
17
18
-11
-11
-41
-39
-68
-67
-96
-94
-123
-120
-150
-148
-179
-174
-205
-200
-231
-224
-256
-249
-280
-272
-302
-294
-324
-317
-346
-337
-366
-357
-383
-374
-401
-391
-416
-407
-431
-421
-446
-434
-456
-447
-467
-455
-476
-464
-484
-472
-489
-476
-491
-481
-494
-483
-496
-483
-493
-482
-491
-479
-487
-475
-482
-470
-474
-462
-464
-453
-455
-442
-443
-431
-429
-418
-415
-403
-397
-387
-380
-369
-362
-351
-341
-331
-320
-310
-298
-289
-272
-266
-249
-242
-223
-218
-199
-192
-172
-167
-146
-141
-117
-113
-89
-87
-61
-59
-33
-31
-4
-4
24
25
54
51
80
78
110
108
136
134
163
161
191
186
216
212
241
236
265
260
289
282
311
306
332
326
354
347
374
365
392
382
409
398
424
414
437
426
450
440
460
450
472
459
479
468
485
474
491
480
494
482
494
483
496
483
494
482
490
479
484
473
477
467
471
459
460
448
450
438
437
426
422
412
405
397
388
380
371
362
351
343
330
323
309
303
286
281
263
255
239
232
212
207
186
182
159
155
132
128
106
102
77
75
48
48
20
20
-8
-6
-37
-35
-66
-64
-94
-91
-122
-118
-150
-145
-176
-171
-203
-197
-228
-222
-253
-247
-279
-271
-300
-292
-323
-314
-343
-335
-364
-355
-383
-374
-401
-390
-416
-406
-432
-421
-444
-433
-457
-445
-465
-456
-476
-464
-483
-471
-487
-477
-493
-481
-494
-483
-495
-484
-495
-483
-492
-480
-487
-476
-483
-471
-475
-464
-467
-455
-456
-445
-443
-433
-431
-421
-415
-406
-398
-389
-381
-371
-363
-353
-343
-333
-322
-314
-300
-291
-275
-270
-253
-247
-228
-221
-200
-197
-175
-170
-148
-144
-119
-116
-94
-90
-64
-63
-36
-35
-7
-7
23
22
49
50
76
78
106
104
135
131
161
157
188
184
214
210
238
235
264
258
287
282
310
303
333
324
352
344
373
362
392
381
407
398
422
412
438
426
449
439
463
450
471
459
478
468
487
474
490
478
493
482
496
483
495
483
492
482
490
479
486
474
480
467
470
459
461
450
451
438
439
426
424
413
408
398
391
380
374
364
354
345
333
325
311
304
288
281
265
258
241
234
215
209
190
185
163
158
135
131
107
105
80
77
52
50
24
22
-5
-7
-33
-33
-63
-61
-92
-90
-119
-115
-147
-143
-174
-170
-200
-194
-226
-220
-250
-244
-274
-267
-298
-290
-319
-312
-341
-333
-362
-352
-379
-370
-397
-388
-413
-404
-429
-419
-442
-432
-454
-444
-466
-454
-474
-462
-481
-469
-489
-474
-492
-480
-494
-482
-495
-482
-495
-482
-492
-480
-488
-475
-483
-471
-475
-463
-466
-454
-457
-445
-447
-435
-433
-421
-417
-406
-400
-390
-383
-373
-365
-355
-345
-335
-324
-315
-300
-293
-278
-271
-254
-247
-230
-224
-202
-199
-178
-173
-150
-147
-123
-120
-95
-93
-67
-65
-38
-37
-9
-9
19
19
48
47
76
73
103
102
131
130
158
156
186
182
211
207
237
231
261
256
285
280
308
301
329
323
350
342
369
361
388
380
406
397
421
412
436
425
448
439
460
450
469
460
478
466
484
474
491
478
493
481
494
483
495
485
494
482
490
479
487
475
479
469
472
461
461
451
451
442
439
429
425
416
410
401
394
385
376
367
356
348
335
327
314
306
291
284
266
261
242
237
218
212
193
187
166
160
138
134
110
108
83
80
55
52
26
25
-3
-4
-32
-32
-60
-59
-87
-87
-116
-114
-143
-141
-170
-167
-197
-193
-222
-218
-248
-242
-271
-265
-294
-290
-317
-310
-338
-331
-359
-352
-377
-369
-395
-387
-412
-402
-427
-418
-440
-431
-454
-441
-464
-453
-473
-462
-479
-469
-486
-476
-492
-479
-495
-483
-494
-483
-494
-482
-491
-480
-488
-476
-481
-470
-474
-463
-466
-455
-456
-446
-444
-433
-430
-422
-416
-408
-401
-392
-383
-376
-365
-357
-345
-337
-325
-317
-302
-296
-278
-272
-255
-249
-230
-225
-205
-200
-179
-175
-153
-148
-125
-121
-96
-94
-68
-67
-41
-39
-12
-12
16
16
45
43
73
70
101
99
129
126
157
152
184
179
209
204
235
229
259
252
282
276
305
299
328
320
350
340
369
360
386
378
405
395
420
410
435
424
448
436
458
447
469
457
476
465
485
472
489
478
493
480
496
484
496
483
496
482
492
479
488
474
480
468
473
460
463
453
452
441
442
429
426
414
410
401
395
384
377
365
358
348
337
328
316
307
295
286
271
262
245
238
220
214
194
189
168
163
141
136
114
109
86
83
56
55
28
27
0
-2
-30
-29
-56
-57
-86
-85
-114
-111
-141
-138
-168
-164
-194
-192
-219
-216
-245
-240
-268
-263
-293
-286
-317
-309
-336
-331
-357
-350
-379
-371
-397
-386
-412
-401
-427
-417
-442
-431
-453
-442
-464
-453
-473
-461
-481
-468
-487
-476
-491
-479
-494
-482
-495
-482
-494
-482
-492
-481
-489
-477
-484
-473
-479
-466
-468
-458
-458
-447
-446
-436
-435
-423
-420
-408
-402
-394
-386
-377
-367
-360
-349
-340
-326
-319
-304
-298
-281
-276
-257
-251
-232
-227
-207
-203
-182
-176
-155
-151
-127
-125
-100
-96
-71
-69
-43
-42
-15
-13
14
14
42
43
72
69
99
96
126
124
154
150
181
177
207
202
232
227
257
253
281
275
304
298
327
319
347
340
367
358
386
376
404
394
419
409
433
424
447
436
459
446
468
457
477
465
486
472
490
478
492
480
496
482
496
482
494
482
491
480
488
475
479
468
472
461
465
452
454
442
441
430
427
417
411
402
396
385
376
370
358
350
338
330
317
310
295
288
270
266
247
240
221
217
196
192
171
165
143
140
117
112
88
85
60
57
32
30
3
2
-25
-26
-55
-54
-83
-81
-112
-109
-139
-137
-166
-162
-193
-188
-218
-214
-245
-237
-268
-261
-293
-284
-314
-306
-335
-328
-357
-348
-375
-365
-394
-384
-409
-398
-424
-414
-439
-428
-451
-440
-463
-451
-473
-461
-481
-468
-486
-474
-491
-479
-494
-482
-496
-484
-495
-484
-492
-482
-489
-478
-485
-474
-479
-466
-470
-459
-461
-448
-449
-437
-436
-425
-421
-410
-407
-395
-387
-379
-369
-361
-351
-341
-329
-321
-308
-300
-283
-278
-259
-253
-235
-229
-211
-205
-186
-180
-158
-153
-130
-128
-102
-100
-74
-72
-46
-44
-17
-17
12
12
41
38
69
67
97
94
124
122
150
148
179
174
205
200
230
224
255
249
280
273
302
296
324
317
345
337
364
357
384
374
402
392
417
408
432
422
445
434
458
446
466
456
477
464
483
471
489
477
492
481
495
482
497
484
494
483
492
480
488
476
482
470
475
463
466
454
456
444
443
433
430
418
414
404
398
389
379
370
361
352
341
332
320
312
297
289
274
266
250
243
224
218
199
193
171
165
144
141
118
114
90
87
62
59
33
32
4
3
-24
-24
-53
-52
-80
-80
-108
-107
-137
-134
-163
-161
-191
-185
-216
-212
-241
-236
-266
-259
-290
-282
-311
-304
-334
-325
-355
-346
-374
-364
-391
-383
-409
-398
-423
-413
-437
-427
-449
-439
-461
-449
-470
-459
-479
-467
-486
-473
-490
-478
-494
-481
-495
-482
-494
-481
-493
-481
-490
-479
-485
-473
-479
-467
-469
-459
-460
-449
-449
-437
-436
-426
-422
-412
-408
-396
-389
-380
-372
-363
-352
-344
-332
-324
-310
-302
-286
-279
-262
-255
-238
-232
-214
-207
-188
-181
-161
-155
-133
-129
-105
-102
-77
-75
-49
-47
-20
-19
9
8
37
37
65
64
92
90
120
118
149
145
177
171
200
197
228
221
253
246
277
270
301
292
321
315
343
335
363
354
383
372
400
389
415
406
430
419
443
432
456
445
467
454
475
463
481
472
489
476
492
480
493
483
495
483
494
483
491
480
488
476
482
470
473
463
466
454
455
444
444
433
430
420
413
405
397
388
380
373
361
354
343
334
321
313
299
292
275
269
252
246
227
221
200
196
174
170
147
144
119
118
93
90
64
62
36
35
9
7
-22
-22
-50
-50
-80
-78
-107
-105
-134
-132
-161
-158
-188
-183
-215
-210
-238
-235
-264
-259
-289
-281
-311
-304
-332
-324
-352
-345
-372
-364
-390
-380
-407
-398
-425
-413
-439
-427
-452
-439
-462
-451
-472
-459
-479
-467
-487
-475
-492
-479
-495
-482
-496
-483
-495
-483
-492
-482
-492
-479
-487
-474
-480
-468
-473
-460
-461
-450
-451
-439
-437
-427
-424
-414
-410
-398
-393
-381
-375
-364
-356
-345
-335
-325
-313
-304
-291
-281
-267
-259
-243
-234
-216
-210
-190
-185
-162
-159
-137
-132
-109
-105
-82
-78
-52
-50
-24
-22
4
5
33
33
62
61
90
88
117
116
146
142
173
169
200
195
224
219
250
244
274
267
296
290
319
312
341
333
361
352
379
370
398
388
414
405
428
418
441
431
454
443
465
453
475
462
481
470
488
475
491
479
493
481
495
483
492
480
490
480
487
476
482
472
475
465
465
455
456
445
444
432
429
420
416
406
399
390
382
373
364
355
342
336
322
315
300
293
277
270
252
246
228
224
203
197
177
172
149
146
122
118
94
91
65
65
39
37
8
10
-21
-19
-48
-47
-77
-75
-105
-101
-134
-128
-160
-155
-187
-181
-212
-207
-238
-231
-263
-255
-287
-278
-308
-301
-331
-323
-352
-343
-374
-361
-390
-381
-407
-397
-422
-412
-436
-426
-450
-437
-461
-449
-470
-459
-480
-467
-486
-474
-491
-478
-494
-482
-497
-483
-497
-483
-495
-482
-492
-479
-486
-475
-481
-469
-472
-461
-463
-452
-454
-439
-440
-429
-425
-415
-409
-401
-394
-383
-374
-366
-357
-347
-337
-327
-314
-306
-292
-283
-269
-262
-244
-237
-219
-213
-193
-188
-165
-162
-139
-135
-110
-109
-83
-81
-54
-53
-26
-24
2
3
32
30
60
58
88
85
117
114
144
140
172
166
197
193
222
218
248
241
273
266
297
288
317
310
339
330
359
351
376
370
396
386
411
402
425
416
442
430
453
442
464
453
473
461
480
469
488
474
491
479
494
481
494
484
493
482
492
480
488
476
483
472
475
464
468
456
457
445
445
434
431
422
417
408
402
391
384
373
366
357
346
337
325
317
303
294
279
272
254
249
231
223
205
200
178
173
153
148
125
122
97
95
68
67
41
39
11
11
-17
-16
-44
-44
-73
-72
-100
-99
-128
-127
-156
-152
-184
-179
-211
-204
-236
-228
-259
-253
-285
-276
-307
-298
-328
-321
-349
-340
-368
-360
-388
-378
-404
-394
-419
-410
-434
-425
-449
-436
-459
-448
-468
-458
-477
-465
-483
-472
-490
-477
-494
-481
-494
-483
-495
-483
-493
-482
-489
-478
-486
-473
-480
-469
-472
-461
-462
-452
-452
-441
-440
-429
-427
-416
-411
-400
-394
-383
-376
-366
-357
-347
-338
-327
-316
-307
-294
-284
-269
-261
-245
-238
-220
-214
-195
-188
-167
-162
-140
-135
-111
-110
-83
-83
-55
-55
-27
-26
-1
0
30
29
58
57
85
84
114
112
141
139
169
165
193
189
221
216
247
241
271
263
292
287
317
309
339
331
358
350
379
368
395
387
412
402
428
416
441
431
454
442
464
452
472
462
481
468
488
474
490
479
494
481
495
484
494
483
491
480
489
477
484
472
477
464
469
457
457
447
445
436
435
424
419
409
404
394
386
377
369
358
349
339
328
319
307
297
283
274
259
252
235
228
210
202
183
177
157
150
128
123
100
96
72
69
44
42
16
14
-12
-15
-42
-41
-69
-69
-97
-97
-126
-125
-153
-151
-180
-177
-206
-202
-233
-227
-259
-252
-282
-275
-305
-298
-327
-319
-347
-339
-367
-359
-386
-377
-402
-393
-420
-409
-433
-422
-446
-435
-457
-448
-468
-457
-477
-465
-484
-472
-489
-477
-492
-480
-494
-483
-497
-484
-494
-483
-490
-480
-486
-476
-481
-469
-474
-462
-464
-453
-452
-442
-440
-431
-428
-417
-412
-403
-396
-387
-379
-369
-358
-351
-339
-331
-317
-310
-294
-287
-270
-264
-247
-241
-224
-217
-197
-191
-171
-165
-142
-138
-116
-113
-88
-85
-59
-56
-31
-30
-2
-1
27
28
55
55
83
82
113
110
140
135
165
163
194
189
219
215
244
239
269
262
293
285
316
307
337
329
357
349
376
366
394
383
411
399
426
415
441
430
453
442
463
452
472
461
480
468
488
474
491
480
495
482
496
483
495
484
494
482
490
478
485
473
478
465
469
458
460
448
449
438
