1651 9 14e08 0 1f4 9
22358
22358
22096
22096
19772
19772
17994
17994
17332
17332
17119
17119
17683
17683
19035
19035
20395
20395
21020
21020
20767
20767
20602
20602
21089
21089
21636
21636
22123
22123
22011
22011
20200
20200
17919
17919
16856
16856
16473
16473
16728
16728
17620
17620
17513
17513
16964
16964
17660
17660
18081
18081
17677
17677
18446
18446
19457
19457
19115
19115
18992
18992
19273
19273
18640
18640
18529
18529
19630
19630
19477
19477
17826
17826
17316
17316
17852
17852
17064
17064
15854
15854
17087
17087
19439
19439
19579
19579
18628
18628
19033
19033
19552
19552
19132
19132
19110
19110
19857
19857
21314
21314
23757
23757
25291
25291
24305
24305
22905
22905
22976
22976
23470
23470
23540
23540
22805
22805
20063
20063
16689
16689
16745
16745
19804
19804
20686
20686
18641
18641
17767
17767
18392
18392
17571
17571
15499
15499
14180
14180
14240
14240
15652
15652
17361
17361
17594
17594
16451
16451
15577
15577
15975
15975
17177
17177
17711
17711
17370
17370
17348
17348
17451
17451
17444
17444
18506
18506
19436
19436
18006
18006
16350
16350
17007
17007
17644
17644
15819
15819
13446
13446
13485
13485
15509
15509
16375
16375
15139
15139
14004
14004
13714
13714
13162
13162
11985
11985
9909
9909
8125
8125
9528
9528
12767
12767
13624
13624
12943
12943
13436
13436
13982
13982
13883
13883
14080
14080
13424
13424
11575
11575
11224
11224
12989
12989
13910
13910
12743
12743
11900
11900
12728
12728
13025
13025
11557
11557
10309
10309
10129
10129
9473
9473
7804
7804
6151
6151
5656
5656
6599
6599
7993
7993
9110
9110
9709
9709
9124
9124
8446
8446
9574
9574
10998
10998
11154
11154
11616
11616
12144
12144
11418
11418
11652
11652
13922
13922
15562
15562
15570
15570
15144
15144
15291
15291
16796
16796
18615
18615
19161
19161
19190
19190
18624
18624
16399
16399
14658
14658
14860
14860
14633
14633
13310
13310
12079
12079
10210
10210
8015
8015
7200
7200
6718
6718
5328
5328
4810
4810
5755
5755
5734
5734
4405
4405
4683
4683
6640
6640
6613
6613
4471
4471
3780
3780
4761
4761
5764
5764
7276
7276
8496
8496
8110
8110
7935
7935
7998
7998
6036
6036
4543
4543
6411
6411
8230
8230
7806
7806
7970
7970
8952
8952
8595
8595
8115
8115
9161
9161
10506
10506
11094
11094
10663
10663
8448
8448
5521
5521
4520
4520
5388
5388
6300
6300
7101
7101
7538
7538
6834
6834
6579
6579
7843
7843
8224
8224
7061
7061
7433
7433
10537
10537
13767
13767
13978
13978
10898
10898
7888
7888
6959
6959
6087
6087
4862
4862
4882
4882
4420
4420
2035
2035
122
122
-721
-721
-1862
-1862
-2341
-2341
-2239
-2239
-3782
-3782
-6176
-6176
-7050
-7050
-6791
-6791
-6303
-6303
-5375
-5375
-5214
-5214
-7248
-7248
-9230
-9230
-8192
-8192
-6656
-6656
-8416
-8416
-10617
-10617
-9381
-9381
-7218
-7218
-6730
-6730
-6457
-6457
-5891
-5891
-5279
-5279
-4310
-4310
-4856
-4856
-7095
-7095
-7131
-7131
-5046
-5046
-4895
-4895
-5838
-5838
-4925
-4925
-3895
-3895
-4652
-4652
-5172
-5172
-3933
-3933
-2279
-2279
-1494
-1494
