1651 9 255c8 0 1f4 9
0
0
0
0
0
0
114
467
1021
396
-37
433
83
-25
298
-593
-926
-185
-608
-470
650
-44
-249
1064
359
-554
662
482
-470
456
389
-730
87
680
-311
-514
49
73
-227
-513
76
983
451
-130
359
258
-42
112
-194
131
1436
1019
-313
-116
243
-211
-129
-77
-1028
-1437
-219
944
288
-623
49
666
72
-579
-959
-698
671
1031
29
-70
230
48
366
244
-427
152
462
-197
381
669
-628
-600
463
103
-567
-842
-610
699
909
-505
-420
335
-67
-270
-854
-1486
298
1616
183
-22
977
326
67
447
-645
-1081
71
450
161
-106
-319
335
550
-447
-716
-186
-180
-392
-755
-734
371
671
269
681
360
-304
576
578
-466
357
622
-559
168
989
131
300
430
-406
566
1162
-271
19
611
-913
-910
146
-727
-742
106
-790
-970
116
-409
-1012
-6
497
130
-187
51
809
408
-705
-319
217
73
737
610
-380
517
840
-1234
-1139
770
259
-348
663
506
-151
306
212
-132
529
463
-814
-1216
-423
-169
-322
318
616
-20
198
886
11
-718
85
825
1291
1035
-807
-1333
-24
-614
-1547
-284
-43
-798
-95
-192
-1087
-80
327
-870
-634
38
-368
-67
597
222
-453
-563
207
620
-727
-1187
423
810
243
439
8
50
1271
53
-1726
-111
1021
-461
-435
581
269
5
75
-132
385
756
120
-579
-909
-318
458
-133
-735
-596
-1259
-913
977
368
-991
705
1534
-338
-671
335
583
1184
906
-852
-911
570
459
-586
-697
-324
25
529
883
381
-348
-236
-295
-912
-363
465
-135
-425
-87
-429
-88
639
11
-221
-17
-1208
-1086
715
579
-158
383
384
582
993
-656
-1228
448
-144
-1635
-236
915
685
772
-263
-1031
769
1030
-961
-924
-188
-924
-689
140
-193
-173
519
530
265
52
-249
-292
-31
106
-469
-943
-72
552
-216
-57
818
143
-30
908
59
-892
305
834
-94
-388
-434
-564
-453
-690
-591
-161
-664
-685
363
110
-425
30
-233
-149
1153
788
-499
-96
75
-457
-126
-448
-925
386
1136
471
630
580
-16
597
577
-715
-631
-564
-1519
-521
1014
129
-282
615
-229
-1069
-111
147
-190
424
30
-1263
-887
129
285
613
516
-149
518
1521
531
-741
-546
-203
-221
-148
-338
15
991
800
-300
-321
-123
-960
-1341
-400
298
-1
-253
-148
-80
120
258
-317
-510
170
51
-513
387
916
30
46
427
-443
-271
849
351
-407
-388
-1076
-1095
139
157
-173
700
860
215
-78
-596
-463
201
-621
-977
632
892
-277
-272
-173
-284
258
132
-53
788
612
-125
246
-147
-1086
-758
-810
-1189
-266
-89
-422
668
577
-521
561
1129
-864
-1311
82
463
166
-325
-752
24
583
42
-215
-296
-430
-124
-545
