1651 9 5020 0 1f4 9
22358
-160
-2052
-105
-877
90
2
-13813
219
10
0
19210
75
0
7
14833
249
252
241
-7179
243
255
250
-1765
249
242
16
12
245
11
9
238
2
17
249
243
1
1
251
243
1
24
11
253
9
6
255
2
252
3
36
25
249
254
6
251
253
255
230
220
251
23
7
241
1
16
1
242
232
239
17
26
0
255
5
1
9
6
246
3
11
251
9
16
241
241
11
2
242
235
241
17
23
244
246
8
255
250
235
219
7
41
4
0
24
8
1
11
240
229
1
11
4
254
248
8
13
245
238
252
252
247
237
238
9
17
6
17
9
249
14
14
245
9
15
242
4
25
3
7
10
246
14
29
250
0
15
233
233
3
238
238
2
236
232
2
246
231
0
12
3
252
1
20
10
239
248
5
1
18
15
247
13
21
225
228
19
6
248
16
12
253
7
5
253
13
11
236
226
246
252
248
8
15
0
5
22
0
238
2
20
32
26
236
223
0
241
217
249
255
236
254
252
229
254
8
234
240
0
247
255
15
5
245
242
5
15
238
226
10
20
6
11
0
1
32
1
213
254
25
245
245
14
6
0
1
253
9
19
3
242
233
248
11
253
238
241
225
233
24
9
231
17
38
248
239
8
14
30
23
235
233
14
11
242
239
248
0
13
22
9
248
251
249
233
247
11
253
246
254
246
254
16
0
251
0
226
229
18
14
252
9
9
14
25
240
225
11
253
215
251
23
17
19
250
230
19
26
232
233
252
233
239
3
252
252
13
13
6
1
250
249
0
2
245
233
255
14
251
255
20
3
0
23
1
234
7
21
254
247
245
242
245
239
241
252
240
239
9
2
246
0
251
253
29
20
244
254
1
245
253
245
233
9
28
11
16
14
0
15
14
238
240
242
218
243
25
3
249
15
251
229
254
3
252
10
0
224
234
3
7
15
13
253
13
38
13
238
243
251
251
253
248
0
25
20
249
248
253
232
222
246
7
0
250
253
254
3
6
248
244
4
1
243
9
23
0
1
10
245
250
21
8
246
247
229
229
3
3
252
17
21
5
255
241
245
5
241
232
16
22
249
250
252
249
6
3
255
20
15
253
6
253
229
237
236
226
250
254
246
16
14
243
14
28
235
223
2
11
4
248
237
0
14
1
251
249
246
253
243
