1651 9 80010d88 0 3e8 9
-571
-586
-587
-601
-604
-614
-616
-623
-626
-631
-634
-639
-641
-642
-644
-644
-646
-644
-646
-642
-644
-636
-640
-631
-632
-623
-624
-612
-614
-599
-601
-584
-586
-568
-571
-548
-552
-528
-530
-506
-508
-483
-484
-459
-459
-431
-433
-403
-404
-372
-373
-342
-342
-310
-311
-276
-278
-243
-243
-209
-209
-174
-174
-138
-136
-100
-100
-63
-64
-26
-27
11
11
47
49
84
85
122
122
158
160
194
194
228
230
261
264
295
299
328
330
359
361
390
391
419
420
0
0
666
302
268
268
234
233
199
199
162
163
127
126
90
90
53
493
467
467
441
441
415
412
385
384
354
354
321
321
290
289
256
255
221
221
185
187
150
150
115
114
77
75
40
40
3
2
-35
-36
-109
-145
-146
-181
-182
-216
-217
-251
-252
-283
-286
-316
-320
-348
-350
-379
-381
-409
-411
-437
-439
-464
-466
-489
-491
-512
-514
-533
-536
-553
-556
-572
-574
-587
-591
-601
-604
-613
-616
-624
-627
-633
-634
-638
-641
-642
-644
-644
-647
-643
-646
-642
-644
-637
-640
-630
-633
-622
-623
-610
-613
-599
-601
-582
-586
-567
-569
-548
-551
-529
-530
-507
-507
-482
-483
-458
-459
-429
-431
-401
-402
-370
-372
-341
-342
-309
-310
-276
-276
-243
-242
-207
-207
-172
-171
-137
-135
-99
-98
-61
-62
-25
-25
12
13
48
51
86
88
122
123
158
160
195
195
228
231
263
266
298
299
329
331
361
362
390
392
421
421
448
449
473
474
497
498
520
521
542
543
560
561
577
579
593
595
606
608
616
619
627
629
635
636
639
640
642
644
644
645
643
643
639
640
635
634
626
626
615
617
604
607
590
592
575
576
557
558
539
539
518
518
492
495
470
470
444
443
416
417
387
387
356
357
326
326
292
292
258
260
225
225
190
190
155
154
118
118
81
81
44
43
8
7
-31
-30
-67
-68
-104
-106
-140
-141
-176
-177
-210
-212
-247
-248
-280
-282
-312
-315
-346
-346
-375
-378
-404
-408
-433
-435
-460
-463
-485
-488
-509
-511
-531
-534
-552
-554
-570
-572
-587
-589
-600
-603
-614
-614
-623
-625
-632
-633
-639
-640
-642
-644
-643
-647
-644
-647
-642
-644
-638
-639
-631
-633
-622
-624
-612
-613
-598
-601
-585
-586
-567
-570
-550
-551
-529
-531
-506
-509
-483
-484
-458
-460
-432
-433
-403
-404
-374
-374
-342
-344
-311
-312
-278
-278
-243
-244
-210
-209
-173
-175
-137
-137
-101
-102
-64
-65
-26
-28
10
11
46
48
84
84
120
122
157
158
193
194
227
228
261
263
296
297
326
329
358
360
388
390
418
420
445
447
471
473
495
498
0
0
0
1
-1
1
0
2
0
-1
0
0
1
0
1
0
1
0
0
0
0
0
1
1
1
0
1
-1
0
0
-1
0
-1
0
-1
-1
-1
0
0
0
0
-2
-1
0
1
-1
1
-1
0
-1
-2
-1
-2
-1
0
0
-2
-1
-1
0
-2
-1
-1
-1
-2
-1
0
0
0
-1
-1
0
-1
0
0
1
0
1
-1
0
0
0
0
0
0
1
0
0
-1
1
-1
0
0
-1
-1
0
-1
-1
-1
0
-1
0
0
0
0
-1
-1
1
-2
0
-1
-1
-2
1
-1
0
1
0
-1
0
-2
0
0
1
-1
1
-1
1
-1
-1
0
-1
-1
-1
-2
-1
-1
1
0
-1
-2
-1
-1
0
0
-1
-1
-1
-1
0
-1
-1
0
0
-1
-1
-1
0
1
1
0
0
-1
-1
-1
-2
-1
0
-1
0
0
-1
0
-1
-1
-1
-1
0
-1
-1
-1
-1
-1
-1
-1
1
-2
-1
1
-1
-1
0
-1
0
-1
0
-1
0
0
0
0
0
0
1
0
0
1
0
1
-2
-1
1
0
0
0
0
0
1
0
0
0
0
0
0
-2
-1
-1
0
-1
-1
0
0
-1
2
-1
0
-1
0
-2
0
0
0
-3
1
0
1
0
0
-1
0
-1
0
-1
-1
0
0
0
-1
1
0
-1
0
-1
-2
-1
-2
-1
-3
-1
0
-1
-2
0
0
0
0
0
0
-1
-1
-1
0
0
0
-1
0
-1
-1
0
-1
-2
1
-2
0
-2
-1
-2
1
-1
-1
0
1
-1
0
1
-1
0
0
-1
-1
-1
0
-1
-1
0
0
0
0
-1
0
0
0
-1
0
-1
0
0
-1
0
0
0
0
-1
0
-1
0
-2
-1
0
-2
-2
0
-2
-1
0
-1
-1
0
0
-1
0
-1
1
-1
-1
0
-1
1
0
0
-1
0
0
-1
-1
0
0
0
-1
-1
0
0
0
0
0
0
1
0
1
1
1
0
-1
0
-2
0
-1
0
0
1
0
-1
0
0
-1
-1
1
-2
0
-2
0
0
0
-1
1
0
0
1
1
1
0
0
-1
0
1
1
-1
0
-1
1
-1
0
-1
1
0
0
1
0
0
0
1
1
1
1
0
1
1
-1
-1
0
1
0
0
1
-1
0
0
1
0
1
0
-1
-1
1
0
1
-1
0
-1
0
-2
0
-2
0
1
0
-2
0
0
-1
0
1
-1
-2
0
0
0
0
0
-1
0
0
0
1
-1
0
-1
1
-1
1
0
0
-1
0
0
0
0
0
1
0
