1651 9 800109a0 0 3e8 9
517
520
540
540
561
561
576
578
593
594
605
608
618
621
626
629
633
637
639
642
641
645
643
646
642
644
640
641
634
635
627
628
618
620
606
607
592
593
576
578
559
562
540
543
519
520
495
498
471
472
446
447
417
417
390
390
360
359
327
328
295
296
262
262
226
228
192
192
156
156
121
120
84
83
46
47
11
10
-28
-29
-65
-66
-100
-102
-138
-138
-173
-175
-209
-211
-242
-246
-278
-278
-310
-320
0
666
24
61
62
97
98
134
136
170
170
205
207
240
242
274
275
306
308
338
341
370
371
400
402
428
430
456
458
481
483
504
505
527
528
547
549
565
568
581
584
597
599
610
613
621
623
630
641
643
643
645
642
646
641
644
636
640
631
634
622
626
612
616
601
602
587
588
570
572
552
554
532
533
510
512
488
489
460
463
435
437
409
408
378
379
347
347
317
316
283
283
249
250
213
215
180
180
142
144
106
106
70
69
34
33
-2
-4
-40
-42
-76
-79
-113
-115
-150
-151
-186
-188
-221
-223
-256
-257
-290
-290
-321
-325
-354
-355
-383
-385
-413
-416
-439
-444
-468
-469
-493
-493
-515
-517
-537
-538
-558
-558
-574
-575
-592
-592
-605
-606
-616
-618
-626
-629
-633
-635
-640
-641
-644
-645
-644
-646
-643
-646
-641
-643
-636
-637
-628
-631
-619
-621
-609
-610
-596
-597
-580
-581
-563
-565
-544
-546
-523
-525
-500
-502
-476
-478
-451
-452
-421
-424
-394
-396
-365
-366
-334
-334
-301
-302
-270
-269
-233
-234
-198
-199
-162
-163
-126
-127
-90
-89
-53
-53
-16
-16
20
21
57
59
95
96
131
131
167
169
202
205
239
239
271
273
306
307
337
339
368
370
399
400
426
429
453
455
479
481
504
505
526
528
545
549
565
567
583
584
596
600
609
612
621
623
630
633
637
638
642
644
644
647
644
647
643
645
638
641
633
636
623
628
616
616
603
606
589
592
572
575
555
556
536
537
513
515
491
492
464
467
439
441
412
413
382
383
351
352
319
321
286
288
253
254
219
220
184
184
147
147
110
111
74
74
38
36
1
593
591
575
576
557
558
539
539
517
517
493
495
468
470
443
444
414
416
386
387
357
356
325
325
292
292
258
258
224
224
189
190
153
153
117
117
79
79
43
43
5
6
-32
-33
-67
-69
-103
-106
-141
-142
-177
-178
-212
-214
-247
-249
-280
-281
-313
-316
-347
-348
-377
-378
-406
-407
-436
-435
-461
-463
-487
-488
-510
-512
-531
-534
-553
-553
-569
-571
-586
-587
-601
-604
-614
-616
-623
-626
-631
-634
-639
-641
-642
-644
-644
-646
-644
-646
-642
-644
-636
-640
-631
-632
-623
-624
-612
-614
-599
-601
-584
-586
-568
-571
-548
-552
-528
-530
-506
-508
-483
-484
-459
-459
-431
-433
-403
-404
-372
-373
-342
-342
-310
-311
-276
-278
-243
-243
-209
-209
-174
-174
-138
-136
-100
-100
-63
-64
-26
-27
11
11
47
49
84
85
122
122
158
160
194
194
228
230
261
264
295
299
328
330
359
361
390
391
419
420
0
0
666
302
268
268
234
233
199
199
162
163
127
126
90
90
53
493
467
467
441
441
415
412
385
384
354
354
321
321
290
289
256
255
221
221
185
187
150
150
115
114
77
75
40
40
3
2
-35
-36
-109
-145
-146
-181
-182
-216
-217
-251
-252
-283
-286
-316
-320
-348
-350
-379
-381
-409
-411
-437
-439
-464
-466
-489
-491
-512
-514
-533
-536
-553
-556
-572
-574
-587
-591
-601
-604
-613
-616
-624
-627
-633
-634
-638
-641
-642
-644
-644
-647
-643
-646
-642
-644
-637
-640
-630
-633
-622
-623
-610
-613
-599
-601
-582
-586
-567
-569
-548
-551
-529
-530
-507
-507
-482
-483
-458
-459
-429
-431
-401
-402
-370
-372
-341
-342
-309
-310
-276
-276
-243
-242
-207
-207
-172
-171
-137
-135
-99
-98
-61
-62
-25
-25
12
13
48
51
86
88
122
123
158
160
195
195
228
231
263
266
298
299
329
331
361
362
390
392
421
421
448
449
473
474
497
498
520
521
542
543
560
561
577
579
593
595
606
608
616
619
627
629
635
636
639
640
642
644
644
645
643
643
639
640
635
634
626
626
615
617
604
607
590
592
575
576
557
558
539
539
518
518
492
495
470
470
444
443
416
417
387
387
356
357
326
326
292
292
258
260
225
225
190
190
155
154
118
118
81
81
44
43
8
7
-31
-30
-67
-68
-104
-106
-140
-141
-176
-177
-210
-212
-247
-248
-280
-282
-312
-315
-346
-346
-375
-378
-404
-408
-433
-435
-460
-463
-485
-488
-509
-511
-531
-534
-552
-554
-570
-572
-587
-589
-600
-603
-614
-614
-623
-625
-632
-633
-639
-640
-642
-644
-643
-647
-644
-647
-642
-644
-638
-639
-631
-633
-622
-624
-612
-613
-598
-601
-585
-586
-567
-570
-550
-551
-529
-531
-506
-509
-483
-484
-458
-460
-432
-433
-403
-404
-374
-374
-342
-344
-311
-312
-278
-278
-243
-244
-210
-209
-173
-175
-137
-137
-101
-102
-64
-65
-26
-28
10
11
46
48
84
84
120
122
157
158
193
194
227
228
261
263
296
297
326
329
358
360
388
390
418
420
445
447
471
473
495
498
