1651 9 80001770 0 3e8 9
-1242
-1242
-1275
-1275
-1305
-1305
-1326
-1326
-1348
-1348
-1362
-1362
-1372
-1373
-1378
-1378
-1381
-1381
-1378
-1378
-1370
-1370
-1357
-1357
-1341
-1341
-1319
-1319
-1295
-1295
-1265
-1265
-1230
-1230
-1193
-1193
-1150
-1150
0
-1104
-1104
-1055
-1055
-1001
-1001
-945
-945
-885
-885
-823
-823
-759
-759
-691
-691
-621
-621
-548
-548
-475
-475
-399
-399
-324
-324
-245
-245
-167
-167
-86
-86
0
0
78
78
159
159
237
237
316
316
392
392
467
467
543
543
616
616
687
687
754
754
819
819
882
882
944
944
1001
1001
1052
1052
1104
1104
1150
1150
1193
1193
1231
1231
1266
1267
1296
1296
1324
1324
1345
1345
1362
1362
1375
1375
1383
1384
1386
1386
1386
1386
1378
1378
1370
1370
1354
1354
1335
1335
1311
1311
1284
1284
1252
1252
1216
1217
1176
1176
1130
1130
1084
1084
1030
1030
976
976
919
919
856
856
791
791
726
726
656
656
585
585
510
510
436
436
360
360
282
282
203
203
124
124
43
43
-35
-35
-116
-116
-195
-195
-274
-274
-352
-352
-429
-429
-505
-505
-578
-578
-651
-651
-719
-719
-787
-787
-852
-852
-915
-915
-972
-972
-1029
-1029
-1081
-1081
-1130
-1130
-1174
-1174
-1214
-1214
-1252
-1253
-1285
-1285
-1315
-1315
-1337
-1337
-1359
-1359
-1373
-1373
-1384
-1384
-1389
-1389
-1392
-1392
-1389
-1389
-1381
-1381
-1368
-1368
-1352
-1352
-1330
-1330
-1305
-1306
-1276
-1276
-1240
-1240
-1202
-1202
-1159
-1159
-1113
-1113
-1064
-1064
-1009
-1009
-952
-952
-893
-893
-830
-830
-765
-765
-697
-697
-626
-626
-552
-552
-479
-479
-403
-403
-326
-326
-247
-247
-168
-168
-87
-87
0
0
79
79
160
160
239
239
318
318
395
395
471
471
548
548
621
621
692
692
760
760
826
826
889
889
951
951
1009
1009
1061
1061
1113
1113
1159
1159
1203
1203
1241
1241
1277
1277
1307
1307
1334
1334
1356
1356
1373
1373
1386
1386
1395
1395
1397
1398
1398
1398
1389
1390
1381
1381
1365
1365
1346
1346
1322
1322
1294
1294
1262
1262
1226
1226
1185
1185
1139
1139
1093
1093
1038
1038
983
983
926
926
863
863
798
798
732
732
661
661
590
590
514
514
440
440
363
363
284
284
205
205
125
125
43
43
-35
-35
-117
-117
-197
-197
-276
-276
-355
-355
-432
-432
-509
-509
-583
-583
-657
-657
-725
-725
-794
-794
-859
-859
-922
-922
-980
-980
-1038
-1038
-1090
-1090
-1139
-1139
-1183
-1183
-1224
-1224
-1263
-1263
-1296
-1296
-1326
-1326
-1348
-1348
-1370
-1370
-1384
-1384
-1395
-1395
-1400
-1400
-1403
-1403
-1400
-1401
-1392
-1392
-1379
-1379
-1362
-1362
-1341
-1341
-1316
-1316
-1286
-1286
-1250
-1250
-1212
-1212
-1168
-1168
-1122
-1122
-1072
-1072
-1018
-1018
-960
-960
-900
-900
-837
-837
-771
-771
-702
-702
-631
-631
-557
-557
-483
-483
-406
-406
-329
-329
-249
-249
-170
-170
-87
-87
0
0
79
79
162
162
241
241
321
321
398
398
475
475
552
552
626
626
698
698
766
766
832
832
896
896
959
959
1017
1017
1069
1069
1122
1122
1168
1168
1212
1212
1251
1251
1287
1287
1317
1317
1345
1345
1367
1367
1384
1384
1397
1397
1406
1406
1409
1409
1409
1409
1401
1401
1392
1392
1376
1376
1357
1357
1332
1332
1305
1305
1272
1272
1236
1236
1195
1195
1148
1148
1101
1101
1046
1046
991
991
934
934
870
870
804
804
738
738
666
666
595
595
518
518
443
443
366
366
286
286
206
206
126
126
44
44
-35
-35
-118
-118
-198
-198
-278
-278
-358
-358
-435
-435
-513
-513
-587
-587
-662
-662
-731
-731
-800
-800
-866
-866
-930
-930
-988
-988
-1046
-1046
-1098
-1098
-1148
-1148
-1192
-1192
-1234
-1234
-1273
-1273
-1306
-1306
-1336
-1336
-1359
-1359
-1381
-1381
-1395
-1395
-1406
-1406
-1411
-1411
-1414
-1414
-1412
-1412
-1403
-1403
-1390
-1390
-1373
-1373
-1351
-1351
-1326
-1326
-1296
-1296
-1260
-1260
-1222
-1222
-1177
-1178
-1131
-1131
-1081
-1081
-1026
-1026
-968
-968
-907
-907
-843
-843
-777
-777
-708
-708
-636
-636
-561
-561
-487
-487
-409
-409
-332
-332
-251
-251
-171
-171
-88
-88
0
0
80
80
163
163
243
243
324
324
401
401
479
479
556
556
631
631
703
703
772
773
839
839
903
903
967
967
1025
1025
1078
1078
1130
1130
1178
1178
1222
1222
1261
1261
1297
1297
1328
1328
1355
1356
1378
1378
1395
1395
1408
1409
1417
1417
1420
1420
1420
1420
1412
1412
1403
1403
1387
1387
1368
1368
1343
1343
1315
1315
1282
1282
1246
1246
1204
1204
1157
1157
1110
1110
1055
1055
999
999
941
941
877
877
811
811
744
744
672
672
600
600
522
522
447
447
369
369
288
289
208
208
127
127
44
44
-36
-36
-119
-119
-200
-200
-280
-280
-361
-361
-439
-439
-517
-517
-592
-592
-667
-667
-737
-737
-806
-806
-873
-873
-937
-937
-996
-996
-1054
-1054
-1107
-1107
-1157
-1157
-1202
-1202
-1244
-1244
-1283
-1283
-1316
-1316
-1347
-1347
-1369
-1369
-1392
-1392
-1406
-1406
-1417
-1417
-1423
-1423
-1425
-1425
-1423
-1423
-1414
-1415
-1401
-1401
-1384
-1384
-1362
-1362
-1337
-1337
-1306
-1306
-1270
-1270
-1231
-1231
-1187
-1187
-1139
-1140
-1089
-1089
-1034
-1034
-975
-975
-914
-914
-850
-850
-783
-783
-713
-713
-641
-641
-566
-566
-490
-490
-412
-412
-334
-334
-253
-253
-172
-172
-89
-89
0
0
80
80
164
164
245
245
326
326
404
404
482
482
561
561
636
636
709
709
779
779
846
846
910
910
974
974
1033
1033
1086
1086
1139
1139
1187
1187
1232
1232
1271
1271
1307
1307
1338
1338
1366
1366
1389
1389
1405
1406
1420
1420
1428
1428
1431
1431
1431
