1651 9 80000fa0 0 3e8 9
724
724
786
786
846
846
906
906
960
960
1010
1010
1059
1059
1103
1104
1145
1145
1182
1182
1215
1216
1244
1244
1270
1270
1291
1291
1307
1307
1320
1320
1328
1328
1330
1331
1331
1331
1323
1323
1315
1315
1300
1300
1282
1282
1258
1258
1232
1232
1201
1201
1168
1168
1129
1129
1084
1084
1040
1040
988
988
936
936
882
882
822
822
760
760
697
697
630
630
562
562
489
489
419
419
346
346
270
270
195
195
119
119
41
41
-33
-33
-112
-112
-187
-187
-263
-263
-338
-338
-411
-411
-484
-484
-555
-555
-625
-625
-690
-690
-756
-756
-818
-818
-878
-878
-933
-933
-988
-988
-1038
-1038
-1085
-1085
-1126
-1126
-1166
-1166
-1202
-1202
-1234
-1234
-1262
-1262
-1283
-1283
-1304
-1304
-1318
-1318
-1328
-1328
-1333
-1333
-1336
-1336
-1334
-1334
-1326
-1326
-1313
-1313
-1297
-1297
-1277
-1277
-1253
-1253
-1225
-1225
-1191
-1191
-1154
-1154
-1112
-1113
-1068
-1068
-1021
-1021
-969
-969
-914
-914
-857
-857
-797
-797
-734
-734
-669
-669
-601
-601
-530
-530
-460
-460
-387
-387
-313
-313
-238
-238
-162
-162
-83
-83
0
0
75
75
154
154
230
230
306
306
379
379
452
452
526
526
596
596
664
664
730
730
793
793
853
853
913
913
968
968
1018
1018
1068
1068
1113
1113
1155
1155
1192
1192
1226
1226
1255
1255
1281
1281
1302
1302
1318
1318
1331
1331
1339
1339
1342
1342
1342
1342
1334
1334
1326
1326
1311
1311
1292
1292
1269
1269
1243
1243
1211
1211
1177
1177
1138
1138
1094
1094
1049
1049
997
997
944
944
889
889
829
829
766
766
703
703
635
635
567
567
493
493
422
422
349
349
273
273
196
196
120
120
42
42
-34
-34
-112
-112
-189
-189
-265
-265
-341
-341
-415
-415
-488
-488
-559
-559
-630
-630
-696
-696
-762
-762
-825
-825
-886
-886
-941
-941
-996
-996
-1046
-1046
-1094
-1094
-1136
-1136
-1175
-1175
-1212
-1212
-1244
-1244
-1273
-1273
-1294
-1294
-1315
-1315
-1329
-1329
-1339
-1339
-1345
-1345
-1347
-1347
-1345
-1345
-1337
-1337
-1324
-1324
-1308
-1308
-1287
-1287
-1264
-1264
-1235
-1235
-1201
-1201
-1164
-1164
-1122
-1122
-1077
-1077
-1030
-1030
-977
-977
-922
-922
-864
-864
-803
-803
-740
-740
-674
-674
-606
-606
-535
-535
-464
-464
-390
-390
-316
-316
-239
-239
-163
-163
-84
-84
0
0
76
76
155
155
232
232
308
308
382
382
456
456
530
530
601
601
670
670
736
736
799
799
860
860
921
921
977
977
1027
1027
1077
1077
1122
1122
1164
1164
1201
1201
1236
1236
1265
1265
1292
1292
1313
1313
1329
1329
1342
1342
1350
1350
1353
1353
1353
1353
1345
1345
1337
1337
1322
1322
1303
1303
1279
1279
1253
1253
1221
1221
1187
1187
1148
1148
1103
1103
1058
1058
1005
1005
952
952
897
897
836
836
772
772
709
709
640
640
571
571
497
497
426
426
352
352
275
275
198
198
121
121
42
42
-34
-34
-113
-113
-190
-190
-267
-267
-344
-344
-418
-418
-492
-492
-564
-564
-636
-636
-702
-702
-768
-768
-832
-832
-893
-893
-949
-949
-1004
-1004
-1055
-1055
-1103
-1103
-1145
-1145
-1185
-1185
-1222
-1222
-1254
-1254
-1284
-1284
-1305
-1305
-1326
-1326
-1340
-1340
-1350
-1350
-1356
-1356
-1358
-1359
-1356
-1356
-1348
-1348
-1335
-1335
-1319
-1319
-1298
-1298
-1274
-1274
-1245
-1245
-1211
-1211
-1173
-1173
-1131
-1131
-1086
-1086
-1038
-1038
-985
-985
-929
-929
-871
-871
-810
-810
-746
-746
-680
-680
-611
-611
-539
-539
-467
-467
-393
-393
-319
-319
-241
-241
-164
-164
-85
-85
0
0
77
77
156
156
234
234
311
311
385
385
460
460
534
534
606
606
675
676
742
742
806
806
867
867
929
929
985
985
1035
1035
1086
1086
1131
1131
1174
1174
1211
1211
1246
1246
1275
1276
1302
1302
1324
1324
1340
1340
1353
1353
1361
1361
1364
1364
1364
1364
1356
1356
1348
1348
1332
1332
1314
1314
1290
1290
1263
1263
1231
1232
1197
1197
1157
1157
1112
1112
1066
1067
1013
1013
960
960
904
904
843
843
779
779
715
715
645
645
576
576
501
501
429
429
355
355
277
277
200
200
122
122
42
42
-34
-34
-114
-114
-192
-192
-269
-269
-347
-347
-422
-422
-496
-496
-569
-569
-641
-641
-708
-708
-775
-775
-839
-839
-900
-900
-957
-957
-1013
-1013
-1064
-1064
-1112
-1112
-1155
-1155
-1195
-1195
-1232
-1232
-1265
-1265
-1294
-1294
-1316
-1316
-1337
-1337
-1351
-1351
-1361
-1361
-1367
-1367
-1370
-1370
-1367
-1367
-1359
-1359
-1346
-1346
-1330
-1330
-1309
-1309
-1285
-1285
-1255
-1255
-1220
-1221
-1183
-1183
-1140
-1140
-1095
-1095
-1047
-1047
-993
-993
-937
-937
-878
-878
-817
-817
-752
-752
-685
-686
-616
-616
-544
-544
-471
-471
-396
-396
-321
-321
-243
-243
-166
-166
-85
-85
0
0
77
77
158
158
236
236
313
313
388
388
464
464
539
539
611
611
681
681
748
748
813
813
874
874
936
936
993
993
1044
1044
1095
1095
1141
1141
1184
1184
1221
1221
1256
1256
1286
1286
1313
1313
1334
1334
1351
1351
1364
1364
1372
1372
1375
1375
1375
1375
1367
1367
1359
1359
1343
1343
1325
1325
1300
1301
1274
1274
1242
1242
1207
1207
1166
1166
1121
1121
1075
1075
1021
1022
968
968
911
911
850
850
785
785
721
721
651
651
581
581
505
505
433
433
357
357
279
279
201
201
123
123
43
43
-35
-35
-115
-115
-193
-193
-271
-272
-350
-350
-425
-425
-501
-501
-573
-573
-646
-646
-713
-713
-781
-781
-846
-846
-908
-908
-964
-964
-1021
-1021
-1072
-1072
-1121
-1121
-1164
-1164
-1205
-1205
