1651 9 80001770 0 3e8 9
530
519
519
506
506
492
492
476
476
457
457
439
439
417
417
395
395
372
372
347
347
320
320
294
294
266
266
237
237
206
206
177
146
146
114
114
82
82
50
50
17
17
-14
-14
-47
-47
-79
-79
-111
-111
-143
-143
-174
-174
-205
-205
-234
-234
-264
-264
-292
-292
-319
-319
-346
-346
-371
-371
-395
-395
-418
-418
-439
-439
-459
-459
-477
-477
-493
-493
-509
-509
-522
-522
-534
-534
-543
-543
-552
-552
-558
-558
-562
-563
-565
-565
-566
-566
-565
-565
-562
-562
-556
-556
-550
-550
-541
-541
-531
-531
-519
-519
-505
-505
-489
-489
-472
-472
-453
-453
-433
-433
-411
-411
-388
-388
-363
-363
-338
-338
-311
-311
-284
-284
-255
-255
-225
-225
-195
-195
-164
-164
-133
-133
-101
-101
-68
-68
-35
-35
0
0
32
32
65
65
97
97
130
130
161
161
192
192
223
223
253
253
282
282
310
310
337
337
363
363
388
388
412
412
433
433
454
454
473
474
491
491
507
507
522
522
534
534
545
545
554
554
561
561
567
567
570
570
572
572
572
572
568
568
565
565
559
559
551
551
541
541
530
530
516
516
502
502
485
485
466
466
447
447
425
425
403
403
379
379
354
354
327
327
300
300
271
271
242
242
210
210
180
180
149
149
116
116
84
84
51
51
17
17
-14
-14
-48
-48
-80
-80
-113
-113
-146
-146
-177
-177
-209
-209
-239
-239
-269
-269
-298
-298
-326
-326
-353
-353
-379
-379
-402
-402
-426
-426
-448
-448
-468
-468
-486
-486
-503
-503
-519
-519
-532
-533
-545
-545
-554
-554
-563
-563
-569
-569
-574
-574
-576
-576
-577
-577
-576
-576
-573
-573
-567
-567
-561
-561
-552
-552
-542
-542
-529
-529
-515
-515
-499
-499
-481
-481
-462
-462
-442
-442
-419
-419
-395
-395
-371
-371
-345
-345
-317
-318
-289
-289
-260
-260
-229
-229
-199
-199
-167
-167
-135
-135
-103
-103
-70
-70
-36
-36
0
0
32
32
66
66
99
99
132
132
164
164
196
196
228
228
258
258
288
288
316
316
344
344
370
370
396
396
420
420
442
442
463
463
483
483
501
501
517
517
532
532
545
545
556
556
565
565
572
572
578
578
581
581
583
583
583
583
579
580
576
576
569
569
562
562
551
551
540
540
526
527
512
512
495
495
475
475
456
456
433
433
411
411
387
387
360
360
333
333
306
306
276
276
246
246
214
214
184
184
152
152
118
118
85
85
52
52
18
18
-14
-14
-49
-49
-82
-82
-115
-115
-148
-148
-181
-181
-213
-213
-244
-244
-275
-275
-303
-303
-332
-332
-360
-360
-386
-386
-410
-410
-434
-434
-456
-456
-477
-477
-495
-495
-513
-513
-529
-529
-543
-543
-556
-556
-565
-565
-574
-574
-580
-580
-585
-585
-587
-587
-588
-588
-587
-587
-584
-584
-578
-578
-571
-571
-562
-562
-552
-552
-540
-540
-525
-525
-509
-509
-490
-490
-471
-471
-450
-450
-427
-427
-403
-403
-378
-378
-351
-351
-324
-324
-295
-295
-265
-265
-234
-234
-203
-203
-170
-170
-138
-138
-105
-105
-71
-71
-36
-36
0
0
33
33
68
68
101
101
135
135
167
167
200
200
232
232
263
263
293
293
322
322
350
350
377
377
404
404
428
428
450
450
472
472
492
492
511
511
527
527
542
542
555
555
567
567
576
576
583
583
589
589
593
593
594
594
594
594
591
591
587
587
580
580
572
572
562
562
550
550
537
537
522
522
504
504
484
485
465
465
442
442
418
418
394
394
367
367
339
339
312
312
281
281
251
251
219
219
187
187
154
155
121
121
87
87
53
53
18
18
-15
-15
-50
-50
-84
-84
-117
-117
-151
-151
-184
-184
-217
-217
-248
-248
-280
-280
-309
-309
-338
-338
-366
-366
-393
-393
-418
-418
-443
-443
-465
-465
-486
-486
-505
-505
-522
-523
-539
-539
-553
-553
-566
-566
-576
-576
-585
-585
-591
-591
-596
-596
-598
-598
-599
-600
-598
-598
-595
-595
-589
-589
-582
-582
-573
-573
-563
-563
-550
-550
-535
-535
-518
-518
-500
-500
-480
-480
-459
-459
-435
-435
-411
-411
-385
-385
-358
-358
-330
-330
-300
-300
-270
-270
-238
-238
-206
-206
-174
-174
-141
-141
-107
-107
-72
-72
-37
-37
0
0
34
34
69
69
103
103
137
137
170
170
203
203
236
236
268
268
299
299
328
329
357
357
384
384
411
411
436
436
459
459
481
481
501
501
520
520
537
537
552
552
565
565
577
577
587
587
594
594
600
600
604
604
605
605
605
605
602
602
598
598
591
591
583
583
572
573
561
561
547
547
531
531
514
514
494
494
473
474
450
450
426
426
401
401
374
374
346
346
317
317
287
287
256
256
223
223
191
191
157
157
123
123
89
89
54
54
19
19
-15
-15
-51
-51
-85
-85
-120
-120
-154
-154
-187
-187
-221
-221
-253
-253
-285
-285
-315
-315
-345
-345
-373
-373
-401
-401
-426
-426
-451
-451
-474
-474
-495
-495
-514
-514
-532
-532
-549
-549
-563
-563
-577
-577
-586
-586
-596
-596
-602
-602
-607
-607
-609
-609
-611
-611
-610
-610
-606
-606
-600
-600
-593
-593
-584
-584
-573
-573
-560
-560
-545
-545
-528
-528
-509
-509
-489
-489
-467
-467
-443
-443
-418
-418
-392
-392
