1651 9 80000fa0 0 3e8 9
-503
-503
-507
-507
-509
-509
-510
-510
-509
-509
-506
-506
-501
-502
-496
-496
-488
-488
-479
-479
-468
-468
-455
-455
-441
-441
-425
-425
-408
-408
-390
-390
0
-371
-371
-350
-350
-328
-328
-305
-305
-281
-281
-256
-256
-230
-230
-203
-203
-176
-176
-148
-148
-120
-120
-91
-91
-62
-62
-32
-32
0
0
29
29
59
59
88
88
117
117
145
145
173
173
201
201
229
229
255
255
280
280
304
304
327
327
350
350
372
372
391
391
410
410
427
427
443
443
458
458
471
471
482
482
492
492
500
500
506
506
511
512
515
515
516
516
516
516
513
513
510
510
504
504
497
497
488
488
478
478
466
466
453
453
438
438
421
421
404
404
384
384
363
363
342
342
319
319
295
295
271
271
244
244
218
218
190
190
163
163
134
134
105
105
75
75
46
46
16
16
-13
-13
-43
-43
-73
-73
-102
-102
-131
-131
-160
-160
-188
-188
-216
-216
-243
-243
-269
-269
-294
-294
-319
-319
-342
-342
-363
-363
-385
-385
-404
-404
-423
-423
-439
-439
-454
-454
-469
-469
-481
-481
-492
-492
-500
-501
-509
-509
-514
-514
-518
-518
-520
-520
-521
-521
-520
-520
-517
-518
-512
-513
-506
-506
-498
-498
-489
-489
-478
-478
-465
-465
-451
-451
-435
-435
-417
-417
-399
-399
-379
-379
-357
-357
-335
-335
-311
-311
-287
-287
-261
-261
-235
-235
-207
-207
-180
-180
-151
-151
-122
-122
-93
-93
-63
-63
-32
-32
0
0
29
29
60
60
90
90
119
119
148
148
177
177
206
206
233
233
260
260
286
286
311
311
334
334
358
358
380
380
399
399
419
419
436
436
453
453
467
467
481
481
492
492
503
503
511
511
517
517
523
523
526
526
527
527
527
527
524
524
521
521
515
515
508
508
499
499
488
488
476
476
463
463
447
447
430
430
412
413
392
392
371
371
350
350
326
326
301
301
277
277
250
250
223
223
194
194
166
166
137
137
107
107
77
77
47
47
16
16
-13
-13
-44
-44
-74
-74
-104
-104
-134
-134
-163
-163
-192
-192
-220
-220
-248
-248
-274
-274
-300
-300
-325
-325
-349
-349
-371
-371
-393
-393
-413
-413
-432
-432
-448
-448
-464
-464
-479
-479
-491
-491
-503
-503
-511
-511
-520
-520
-525
-525
-529
-529
-531
-531
-532
-533
-532
-532
-529
-529
-523
-523
-517
-517
-509
-509
-500
-500
-488
-488
-475
-475
-460
-460
-444
-444
-426
-426
-407
-408
-387
-387
-365
-365
-342
-342
-318
-318
-293
-293
-267
-267
-240
-240
-212
-212
-183
-183
-154
-154
-125
-125
-95
-95
-64
-64
-33
-33
0
0
30
30
61
61
92
92
122
122
151
151
181
181
210
210
238
238
266
266
292
292
317
317
341
341
366
366
388
388
408
408
428
428
446
446
463
463
477
477
491
491
503
503
513
513
522
522
528
528
534
534
537
537
538
538
538
538
535
535
532
532
526
526
519
519
509
509
499
499
486
486
473
473
457
457
439
439
421
421
400
400
379
379
357
357
333
333
308
308
282
282
255
255
228
228
198
198
170
170
140
140
109
109
79
79
48
48
16
16
-13
-13
-45
-45
-76
-76
-106
-106
-137
-137
-167
-167
-196
-196
-225
-225
-254
-254
-280
-280
-307
-307
-332
-332
-357
-357
-379
-379
-401
-401
-422
-422
-441
-441
-458
-458
-474
-474
-489
-489
-502
-502
-513
-513
-522
-522
-531
-531
-536
-536
-540
-540
-542
-543
-544
-544
-543
-543
-540
-540
-534
-534
-528
-528
-520
-520
-510
-510
-499
-499
-485
-485
-470
-470
-453
-453
-435
-435
-416
-416
-395
-395
-372
-372
-349
-349
-325
-325
-299
-299
-272
-273
-245
-245
-216
-216
-187
-187
-157
-157
-128
-128
-97
-97
-66
-66
-34
-34
0
0
30
30
63
63
94
94
125
125
155
155
185
185
214
215
243
243
271
271
298
298
324
324
349
349
373
373
396
396
416
416
437
437
455
455
472
472
487
487
501
501
513
513
524
524
533
533
539
539
545
545
548
548
549
549
549
549
546
546
543
543
537
537
529
529
520
520
509
509
496
496
482
482
466
466
448
448
430
430
408
408
387
387
364
365
340
340
314
314
288
288
260
260
232
232
202
202
173
173
143
143
112
112
80
80
49
49
17
17
-14
-14
-46
-46
-77
-77
-109
-109
-140
-140
-170
-170
-200
-200
-230
-230
-259
-259
-286
-286
-313
-313
-339
-339
-364
-364
-387
-387
-410
-410
-430
-430
-450
-450
-467
-467
-484
-484
-499
-499
-512
-512
-524
-524
-533
-533
-541
-541
-547
-547
-551
-551
-554
-554
-555
-555
-554
-554
-551
-551
-545
-545
-539
-539
-530
-530
-521
-521
-509
-509
-495
-495
-480
-480
-462
-462
-444
-444
-425
-425
-403
-403
-380
-380
-356
-356
-331
-331
-305
-305
-278
-278
-250
-250
-220
-221
-191
-191
-161
-161
-130
-130
-99
-99
-67
-67
-34
-34
0
0
31
31
64
64
95
95
127
127
158
158
188
188
219
219
248
248
277
277
304
304
330
330
356
356
381
381
404
404
425
425
446
446
464
464
482
482
497
497
511
512
524
524
535
535
544
544
550
550
556
556
559
559
560
560
560
560
557
557
554
554
548
548
540
540
530
