1651 9 8000ea60 0 7d0 9
313
312
350
347
385
381
418
414
449
445
478
474
505
502
530
527
555
550
573
569
593
588
608
604
619
443
630
626
636
634
643
638
644
640
644
640
640
636
633
629
624
621
613
609
600
595
582
580
563
560
540
539
516
513
493
490
464
462
431
430
400
398
366
364
331
328
294
292
257
254
217
214
175
175
134
134
94
92
52
52
9
10
-34
-33
-75
-77
-118
-116
-158
-158
-200
-197
-238
-237
-276
-277
-316
-313
-351
-349
-386
-385
-419
-417
-449
-448
-478
-477
-506
-506
-531
-528
-552
-549
-571
-569
-588
-585
-601
-599
-615
-615
-630
-626
-633
-630
-638
-634
-639
-636
-640
-637
-633
-629
-629
-627
-623
-620
-611
-609
-596
-593
-581
-577
-561
-558
-538
-536
-512
-510
-486
-482
-458
-455
-426
-424
-393
-393
-364
-361
-327
-326
-291
-290
-255
-253
-216
-214
-176
-174
-134
-134
-93
-94
-52
-52
-9
-9
33
33
76
74
116
115
158
158
199
196
238
238
278
275
315
313
352
348
386
384
421
416
451
449
481
476
508
504
533
529
557
552
578
573
596
592
610
608
624
620
634
632
642
640
646
642
648
644
647
642
643
641
636
634
628
625
617
615
602
601
585
582
567
564
545
543
520
517
494
493
470
465
439
437
407
406
369
368
331
330
293
293
257
255
216
215
176
175
135
133
93
93
51
50
9
10
-32
-34
-77
-75
-118
-116
-159
-158
-200
-198
-239
-238
-279
-277
-317
-314
-352
-351
-388
-386
-421
-417
-450
-448
-480
-478
-508
-505
-534
-531
-558
-553
-576
-573
-595
-591
-609
-607
-623
-619
-633
-629
-641
-638
-349
-347
-316
-314
-281
-280
-243
-243
-206
-206
-169
-169
-130
-129
-90
-90
-50
-48
-9
-10
30
30
71
69
110
109
150
149
187
188
227
225
263
262
298
297
335
332
367
365
398
395
429
426
457
454
484
481
508
504
528
526
548
545
567
564
581
576
590
588
601
600
611
606
615
611
616
613
616
613
612
610
607
604
599
596
588
583
576
572
557
556
538
537
519
516
493
492
471
470
443
442
414
413
385
382
350
349
317
316
283
281
246
244
208
205
168
169
131
131
91
91
50
51
10
10
-31
-30
-72
-71
-112
-110
-150
-148
-190
-188
-227
-226
-264
-261
-300
-297
-334
-331
-368
-366
-398
-397
-430
-427
-458
-454
-484
-482
-508
-505
-531
-526
-548
-547
-566
-564
-582
-577
-594
-591
-604
-600
-608
-606
-614
-611
-617
-615
-616
-615
-613
-611
-607
-603
-598
-596
-589
-584
-574
-570
-557
-556
-539
-537
-518
-517
-496
-493
-469
-467
-438
-438
-412
-408
-382
-379
-348
-347
-313
-313
-279
-277
-243
-241
-205
-204
-166
-166
-127
-126
-87
-87
-47
-47
-7
-6
33
33
74
73
114
114
154
154
194
191
231
229
269
266
303
303
338
336
372
370
402
401
432
430
459
456
486
482
509
506
530
528
551
547
567
565
583
580
595
591
608
604
612
610
616
614
618
614
616
613
614
611
608
606
600
597
587
585
574
573
558
557
541
539
522
520
498
494
476
473
452
450
420
419
389
386
352
350
317
318
282
282
246
246
209
210
170
169
131
130
89
89
51
51
11
10
-32
-31
-70
-70
-110
-110
-150
-149
-189
-189
-227
-225
-264
-262
-300
-298
-336
-333
-368
-366
-399
-398
-430
-427
-457
-456
-485
-483
-509
-506
-531
-528
-550
-547
-566
-566
-583
-580
-594
-592
-604
-602
-610
-606
-616
-611
-618
-616
-619
-617
-613
-609
-608
-605
-600
-598
-590
-586
-574
-573
-560
-557
-542
-537
-520
-517
-498
-495
-470
-466
-444
-441
-417
-413
-385
-384
-353
-351
-319
-317
-283
-280
-247
-245
-208
-208
-171
-171
-132
-130
-92
-91
-51
-51
-11
-10
30
30
70
69
110
111
151
150
189
188
228
225
264
263
301
299
336
334
368
367
400
399
430
429
461
459
486
482
510
505
532
529
552
549
569
565
583
580
596
593
606
603
611
609
619
614
619
618
618
614
615
612
609
606
601
598
590
588
576
573
558
557
541
540
521
518
497
493
472
471
445
444
413
414
385
384
352
351
317
317
283
282
247
245
208
209
170
168
129
130
90
89
51
50
9
10
-31
-31
-71
-72
-112
-110
-153
-150
-191
-189
-227
-226
-265
-263
-302
-301
-335
-335
-369
-367
-401
-398
-431
-429
-458
-457
-485
-483
-510
-507
-532
-528
-552
-549
-568
-567
-585
-580
-597
-593
-604
-602
-613
-610
-617
-614
-620
-618
-617
-613
-614
-611
-609
-606
-601
-597
-590
-588
-577
-572
-560
-558
-543
-538
-520
-518
-499
-496
-472
-468
-444
-441
-417
-413
-385
-383
-352
-349
-317
-315
-280
-278
-245
-243
-208
-204
-168
-167
-131
-130
-92
-90
-51
-49
-11
-12
31
31
72
72
113
114
153
152
192
191
230
229
265
265
302
301
336
335
370
369
403
400
431
429
460
458
486
485
511
508
532
531
556
553
572
569
585
582
598
594
606
604
615
610
618
615
621
618
620
617
618
616
611
609
601
598
590
588
577
576
561
560
542
541
520
520
498
496
474
474
450
448
419
417
388
388
357
355
321
320
285
285
249
250
210
210
170
173
131
133
92
92
52
53
13
12
-28
-28
-69
-69
-111
-109
-150
-149
-189
-187
-226
-225
-263
-262
-300
-299
-336
-333
-368
-363
-402
-396
-433
-430
-461
-458
-489
-485
-512
-508
-535
-530
-554
-549
-571
-567
-586
-582
-599
-595
-608
-607
-615
-612
-619
-615
-622
-618
-622
-617
-618
-615
-612
-606
-603
-600
-592
-590
-578
-574
-563
-558
-544
-540
-523
-520
-499
-496
-472
-471
-446
-444
-418
-415
-387
-384
-354
-351
-320
-318
-284
-284
-247
-246
-210
-207
-171
-171
-132
-131
-92
-91
-52
-51
-10
-9
30
30
71
72
112
111
152
150
190
189
228
227
265
265
302
300
335
334
369
368
401
400
431
431
459
457
487
485
510
508
532
529
552
550
569
567
585
581
598
594
608
605
614
612
619
617
621
619
622
618
618
615
611
608
604
602
593
591
579
574
562
559
544
542
525
522
501
499
477
475
449
446
420
415
387
386
355
353
322
320
285
282
247
247
209
208
172
170
132
132
92
91
51
49
9
10
-31
-31
-72
-71
-112
-112
-152
-151
-191
-189
-229
-228
-268
-265
-303
-302
-338
-337
-372
-370
-404
-402
-434
-430
-462
-460
-488
-486
-515
-510
-536
-532
-556
-553
-571
-568
-588
-584
-600
-597
-609
-606
-617
-615
-621
-619
-623
-621
-623
-619
-619
-616
-613
-611
-606
-601
-594
-591
-580
-576
-565
-561
-544
-541
-525
-521
-501
-499
-473
-471
-447
-445
-420
-417
-387
-385
-354
-354
-322
-318
-286
-282
-248
-246
-211
-209
-173
-172
-132
-133
-93
-92
-52
-52
-12
-11
28
30
70
70
111
110
150
149
189
187
228
226
266
265
301
301
338
335
372
369
404
401
435
430
462
459
487
485
512
509
536
532
553
551
573
569
586
581
599
594
610
606
616
612
622
617
623
620
623
619
620
616
615
611
605
602
595
590
580
576
566
562
545
544
523
521
501
498
478
476
451
448
417
415
388
385
355
352
321
319
285
284
249
248
210
209
172
170
132
132
90
92
50
52
10
11
-31
-30
-72
-71
-112
-111
-152
-152
-191
-190
-230
-227
-266
-264
-304
-300
-338
-336
-371
-369
-403
-401
-433
-430
-460
-458
-486
-484
-509
-508
-532
-529
-554
-548
-570
-567
-586
-582
-600
-597
-606
-604
-617
-614
-619
-617
-622
-620
-622
-618
-620
-617
-613
-612
-606
-603
-595
-593
-581
-578
-567
-563
-546
-544
-526
-522
-503
-501
-476
-473
-445
-443
-416
-416
-387
-385
-353
-352
-319
-317
-283
-282
-247
-244
-209
-208
-170
-168
-131
-128
-92
-89
-50
-48
-8
-8
32
35
73
73
115
114
155
154
194
192
233
231
271
267
306
305
340
339
374
373
407
406
435
435
465
463
492
489
517
514
539
536
556
552
573
570
586
586
600
598
610
607
616
613
622
620
624
621
623
620
619
618
614
611
605
603
593
591
580
577
565
563
548
546
525
524
505
503
479
477
451
450
424
423
389
387
356
356
323
320
284
285
247
248
211
209
170
171
132
131
92
90
50
50
9
10
-32
-32
-74
-71
-113
-112
-153
-151
-192
-189
-232
-228
-268
-268
-303
-302
-340
-336
-374
-371
-405
-403
-435
-435
-464
-461
-492
-488
-517
-513
-538
-534
-558
-554
-576
-570
-591
-587
-604
-602
-613
-610
-620
-615
-626
-621
-628
-624
-625
-624
-625
-621
-618
-614
-609
-605
-597
-594
-584
-581
-568
-565
-550
-546
-528
-525
-504
-503
-478
-475
-449
-446
-422
-420
-390
-388
-357
-355
-324
-322
-288
-286
-250
-249
-211
-212
-173
-174
-134
-131
-94
-93
-52
-52
-11
-12
30
31
72
71
112
111
153
151
193
192
231
229
268
266
304
301
340
337
374
370
407
403
436
433
464
462
491
489
517
514
537
535
557
556
575
573
590
588
603
602
611
610
619
617
624
622
627
624
624
624
622
620
617
614
608
606
596
594
583
579
567
564
546
544
528
525
502
501
477
476
453
451
421
419
386
385
354
354
322
319
286
285
249
247
212
210
172
172
132
130
91
92
50
51
11
12
-32
-31
-72
-72
-112
-112
-154
-151
-192
-190
-230
-229
-268
-266
-305
-303
-341
-338
-374
-372
-406
-403
-437
-434
-464
-462
-491
-488
-515
-513
-538
-536
-557
-555
-575
-573
-591
-587
-603
-601
-615
-610
-620
-618
-626
-623
-629
-624
-627
-623
-623
-619
-618
-614
-608
-606
-597
-595
-584
-583
-568
-564
-549
-546
-528
-526
-505
-503
-477
-475
-451
-448
-423
-420
-389
-388
-358
-358
-323
-322
-288
-287
-250
-249
-213
-211
-173
-171
-133
-132
-95
-91
-53
-51
-12
-11
29
30
72
71
111
111
151
153
192
192
232
229
269
266
305
304
341
338
374
372
407
403
437
435
465
463
493
489
517
513
539
536
559
556
578
573
590
589
603
600
614
611
621
618
624
622
629
624
628
625
623
620
619
616
610
606
599
596
585
583
568
566
548
547
529
525
506
501
482
479
452
450
422
421
390
388
359
357
323
321
285
284
251
248
211
211
172
173
133
131
93
93
51
52
10
11
-33
-31
-72
-71
-113
-112
-153
-151
-192
-190
-231
-231
-270
-269
-305
-304
-341
-338
-375
-372
-407
-404
-438
-435
-466
-465
-493
-490
-517
-512
