1651 9 8000d2f0 0 3e8 9
1654
1661
1719
1725
1778
1783
1832
1836
1877
1883
1918
1924
1951
1957
1979
1985
2000
2005
2015
2020
2022
2026
2023
2028
2016
2023
2001
2009
1985
1991
1960
1965
1927
1933
1889
1894
1844
1849
1793
1798
1736
1741
1674
1677
1606
1609
1531
1535
1452
1455
1370
1373
1282
1284
1191
1192
1093
1096
992
996
890
891
786
784
676
677
565
565
450
452
335
337
223
221
105
104
-11
-12
-127
-128
-241
-245
-360
-361
-474
-475
-585
-587
-696
-698
-803
-808
-909
-914
-1013
-1017
-1111
-1117
-1206
-1212
-1297
-1304
-1384
-1390
-1467
-1474
-1545
-1552
-1618
-1625
-1685
-1691
-1747
-1754
-1801
-1810
-1851
-1859
-1896
-1903
-1934
-1941
-1965
-1971
-1990
-1996
-2008
-2014
-2019
-2025
-2022
-2029
-2022
-2028
-2012
-2020
-1997
-2003
-1974
-1981
-1946
-1953
-1912
-1917
-1870
-1876
-1823
-1827
-1769
-1774
-1708
-1714
-1644
-1648
-1575
-1577
-1499
-1501
-1417
-1420
-1331
-1334
-1241
-1244
-1147
-1149
-1049
-1051
-947
-950
-844
-845
-737
-737
-628
-626
-515
-515
-401
-401
-287
-286
-172
-169
-55
-53
61
65
178
181
295
297
410
411
522
525
634
637
744
747
850
855
954
959
1055
1060
1151
1159
1249
1252
1336
1343
1421
1427
1502
1508
1578
1584
1649
1655
1711
1720
1772
1779
1825
1832
1872
1879
1914
1920
1948
1955
1978
1984
1997
2005
2014
2020
2022
2028
2023
2028
2016
2023
2006
2013
1987
1994
1961
1967
1930
1936
1893
1897
1848
1853
1796
1802
1741
1747
1680
1684
1611
1616
1537
1542
1460
1464
1377
1381
1288
1293
1199
1201
1104
1105
1003
1005
902
902
796
796
686
686
576
576
464
463
351
349
234
233
117
116
2
0
-115
-117
-231
-234
-346
-349
-461
-463
-573
-577
-685
-687
-793
-796
-899
-903
-1002
-1007
-1101
-1107
-1197
-1202
-1289
-1295
-1376
-1381
-1460
-1464
-1537
-1543
-1611
-1617
-1679
-1684
-1741
-1746
-1797
-1803
-1847
-1854
-1892
-1899
-1931
-1936
-1963
-1968
-1987
-1993
-2005
-2011
-2018
-2024
-2023
-2028
-2020
-2027
-2013
-2018
-1998
-2003
-1976
-1982
-1948
-1954
-1914
-1919
-1873
-1878
-1826
-1830
-1774
-1777
-1715
-1718
-1649
-1653
-1579
-1583
-1503
-1507
-1423
-1427
-1340
-1340
-1247
-1249
-1155
-1156
-1057
-1058
-955
-958
-851
-852
-744
-746
-635
-636
-525
-523
-412
-411
-297
-297
-182
-179
-64
-61
53
55
169
171
285
287
400
401
514
516
624
628
735
739
842
846
944
950
1048
1053
1143
1151
1239
1245
1329
1336
1415
1421
1494
1502
1570
1578
1641
1649
1707
1715
1767
1774
1820
1828
1869
1876
1910
1917
1944
1952
1972
1981
1993
2003
2013
2018
2022
2028
2023
2031
2020
2026
2007
2014
1988
1997
1966
1972
1935
1940
1897
1903
1852
1859
1803
1808
1748
1753
1684
1691
1619
1622
1546
1550
1469
1471
1385
1389
1298
1301
1207
1210
1112
1113
1012
1013
910
911
806
804
696
696
587
585
473
472
359
359
243
242
128
126
11
9
-107
-107
-221
-224
-336
-340
-452
-454
-564
-567
-675
-678
-783
-787
-890
-894
-993
-997
-1092
-1097
-1190
-1193
-1281
-1287
-1370
-1375
-1454
-1458
-1532
-1537
-1605
-1610
-1673
-1679
-1736
-1743
-1793
-1799
-1843
-1851
-1890
-1895
-1929
-1934
-1960
-1967
-1985
-1992
-2005
-2011
-2018
-2024
-2024
-2031
-2023
-2028
-2015
-2021
-2002
-2007
-1980
-1985
-1952
-1957
-1920
-1924
-1879
-1884
-1833
-1837
-1781
-1784
-1721
-1726
-1658
-1661
-1587
-1591
-1514
-1516
-1433
-1435
-1346
-1350
-1258
-1260
-1165
-1167
-1067
-1069
-966
-969
-862
-865
-756
-757
-646
-647
-535
-535
-422
-422
-307
-307
-193
-191
-75
-74
42
41
158
160
274
277
388
392
501
505
615
618
724
728
831
835
935
941
1038
1043
1136
1140
1231
1235
1322
1327
1407
1412
1488
1494
1566
1573
1637
1643
1701
1708
1763
1769
1816
1824
1864
1872
1906
1913
1942
1948
1970
1979
1993
2001
2011
2017
2020
2027
2024
2029
2019
2025
2009
2016
1992
1999
1968
1975
1937
1944
1900
1906
1857
1864
1806
1815
1753
1760
1693
1699
1626
1630
1554
1558
1476
1481
1394
1398
1307
1311
1214
1219
1121
1123
1019
1024
920
922
816
817
706
708
596
597
484
484
369
371
254
255
138
138
21
22
-94
-95
-209
-212
-325
-328
-440
-443
-554
-555
-664
-668
-773
-776
-879
-882
-984
-986
-1084
-1086
-1180
-1184
-1273
-1276
-1361
-1366
-1445
-1450
-1523
-1528
-1597
-1603
-1666
-1671
-1729
-1735
-1785
-1793
-1839
-1845
-1883
-1890
-1922
-1930
-1956
-1963
-1984
-1989
-2002
-2009
-2014
-2023
-2023
-2029
-2021
-2028
-2014
-2021
-2001
-2008
-1981
-1988
-1955
-1961
-1921
-1925
-1882
-1886
-1837
-1840
-1783
-1788
-1728
-1730
-1664
-1667
-1594
-1597
-1520
-1522
-1440
-1443
-1356
-1359
-1267
-1270
-1173
-1176
-1076
-1078
-977
-978
-873
-874
-767
-768
-657
-657
-546
-546
-433
-432
-319
-317
-202
-203
-88
-86
29
32
145
148
260
263
377
380
490
495
604
607
715
717
822
826
925
930
1029
1033
1126
1133
1222
1227
1312
1318
1399
1406
1480
1486
1556
1563
1628
1635
1695
1702
1755
1763
1810
1817
1860
1867
1902
1908
1939
1945
1968
1975
1991
1999
2009
2016
2018
2025
2021
2029
2019
2026
2008
2016
1991
1998
1970
1975
1939
1945
1902
1909
1860
1865
1811
1817
1758
1763
1695
1702
1631
1635
1558
1563
1482
1486
1401
1403
1315
1317
1223
1227
1130
1131
1033
1033
931
930
824
825
715
717
607
606
495
495
381
379
266
265
150
149
33
31
-84
-86
-199
-202
-315
-319
-429
-433
-543
-547
-657
-658
-763
-768
-869
-875
-975
-979
-1073
-1079
-1170
-1176
-1264
-1270
-1352
-1360
-1437
-1444
-1517
-1524
-1592
-1599
-1661
-1668
-1725
-1732
-1783
-1790
-1835
-1842
-1881
-1887
-1921
-1928
-1953
-1961
-1981
-1988
-2002
-2008
