1651 9 80003e80 0 1f40 9
303
302
314
314
326
325
337
335
345
343
351
350
356
355
360
359
361
359
362
359
362
360
362
362
358
355
351
349
344
342
336
334
326
323
316
313
302
302
288
286
273
273
257
256
238
238
219
220
200
200
180
180
161
160
139
138
114
115
93
92
70
68
46
44
22
22
-3
-3
-26
-27
-51
-50
-75
-74
-95
-95
-120
-118
-141
-139
-163
-161
-184
-181
-203
-202
-226
-223
-243
-243
-261
-260
-277
-275
-294
-291
-308
-306
-318
-318
-332
-328
-340
-338
-349
-347
-352
-350
-359
-359
-366
-364
-366
-364
-367
-363
-367
-365
-361
-360
-359
-356
-355
-355
-349
-346
-340
-337
-330
-328
-319
-317
-305
-303
-291
-290
-276
-273
-260
-258
-242
-240
-223
-221
-203
-201
-182
-181
-161
-160
-138
-137
-116
-117
-91
-94
-68
-68
-45
-44
-22
-20
3
4
29
27
52
51
75
76
98
99
123
123
146
144
168
167
187
188
208
207
229
227
247
247
265
263
281
280
296
295
310
309
322
322
334
332
343
343
351
351
359
358
366
364
369
367
370
369
370
369
370
366
368
367
364
363
361
358
350
350
342
341
331
330
321
318
306
304
294
291
276
275
260
258
242
241
224
222
203
202
182
182
161
158
138
138
116
114
91
92
67
67
43
44
20
20
-5
-5
-29
-28
-54
-53
-78
-77
-102
-102
-125
-124
-149
-146
-170
-169
-191
-190
-213
-211
-231
-230
-252
-249
-269
-267
-285
-284
-302
-299
-315
-315
-328
-325
-339
-337
-348
-346
-359
-355
-364
-362
-370
-366
-372
-369
-376
-374
-380
-375
-375
-371
-373
-370
-369
-366
-364
-360
-355
-353
-345
-344
-337
-335
-325
-322
-312
-310
-295
-293
-280
-279
-264
-262
-246
-244
-227
-224
-207
-205
-186
-184
-163
-163
-142
-139
-119
-116
-93
-93
-70
-68
-46
-45
-21
-21
3
5
29
30
54
54
78
77
102
102
126
125
148
149
171
170
191
192
213
212
234
231
252
250
271
269
288
285
301
301
316
314
329
327
341
340
352
349
360
359
367
365
372
370
377
375
380
378
382
380
378
378
377
376
371
369
366
365
358
356
347
349
338
337
326
324
313
312
297
297
284
279
265
265
246
247
227
226
206
207
185
185
164
163
141
140
119
117
93
93
70
67
45
45
20
19
-5
-6
-30
-31
-55
-55
-79
-79
-105
-103
-128
-129
-151
-150
-175
-175
-196
-194
-219
-216
-239
-237
-259
-255
-276
-274
-294
-289
-309
-307
-322
-321
-335
-334
-348
-346
-357
-356
-365
-365
-373
-372
-379
-377
-383
-380
-386
-383
-386
-382
-384
-381
-382
-379
-378
-377
-373
-370
-364
-361
-355
-353
-344
-341
-331
-329
-320
-316
-302
-302
-286
-286
-270
-268
-254
-250
-232
-230
-211
-210
-190
-190
-167
-166
-142
-143
-121
-119
-96
-95
-73
-70
-47
-46
-21
-21
2
4
29
29
55
54
78
79
104
104
127
126
150
151
175
174
196
195
217
217
238
238
258
256
276
275
294
291
308
307
323
323
336
335
348
348
358
357
365
365
374
371
379
378
385
380
386
383
387
384
387
384
386
384
379
379
376
373
366
363
358
353
346
344
334
332
319
318
305
305
288
287
271
270
253
251
232
231
212
211
190
189
167
166
144
144
119
119
96
96
70
70
45
45
19
21
-5
-6
-31
-31
-58
-56
-82
-81
-106
-107
-132
-131
-154
-154
-178
-175
-202
-201
-224
-222
-244
-241
-263
-261
-282
-280
-298
-297
-314
-313
-330
-327
-343
-339
-355
-353
-365
-363
-373
-370
-381
-377
-386
-383
-390
-387
-393
-389
-391
-389
-391
-388
-387
-383
-382
-379
-378
-376
-369
-367
-360
-357
-348
-347
-338
-334
-324
-321
-308
-305
-292
-289
-273
-272
-255
-253
-234
-232
-214
-212
-192
-191
-169
-167
-146
-143
-120
-119
-95
-95
-72
-71
-45
-46
-20
-20
5
6
30
32
56
58
82
83
108
107
131
132
155
157
181
179
203
202
223
222
244
243
264
262
284
282
299
299
317
315
331
330
344
343
357
356
365
364
375
375
381
380
387
386
391
390
394
392
395
393
392
392
392
392
389
385
380
379
374
374
367
366
353
352
341
341
328
328
310
308
294
292
276
274
257
257
238
238
215
214
196
195
174
173
146
146
122
121
98
98
71
72
45
46
21
22
-5
-6
-30
-31
-56
-57
-81
-81
-106
-105
-132
-133
-156
-155
-182
-181
-205
-202
-227
-224
-247
-246
-267
-267
-285
-284
-305
-302
-319
-318
-336
-334
-347
-346
-359
-358
-371
-369
-380
-378
-387
-385
-395
-391
-397
-395
-398
-396
-401
-397
-398
-395
-395
-390
-388
-386
-383
-381
-377
-375
-367
-364
-358
-355
-346
-343
-331
-329
-315
-313
-298
-295
-281
-279
-261
-260
-240
-238
-220
-218
-196
-196
-174
-172
-149
-148
-125
-123
-101
-98
-74
-73
-48
-49
-21
-21
3
5
30
31
58
57
83
82
109
108
134
132
160
159
183
181
206
205
227
227
249
250
269
267
289
286
307
304
323
321
338
336
352
349
365
362
375
373
384
382
393
390
398
395
401
400
402
402
404
403
402
402
400
400
398
397
391
391
385
384
375
373
366
364
351
350
337
336
320
319
304
303
287
285
266
263
245
245
223
222
201
199
176
177
154
153
127
127
103
104
77
78
51
52
26
25
-2
-1
-28
-27
-53
-52
-80
-80
-105
-105
-132
-131
-154
-153
-178
-175
-204
-203
-226
-226
-249
-246
-271
-267
-289
-287
-307
-305
-323
-323
-338
-338
-352
-352
-367
-363
-375
-376
-386
-382
-395
-392
-399
-398
-403
-401
-405
-404
-407
-404
-405
-402
-400
-400
-397
-397
-392
-390
-384
-383
-374
-372
-364
-362
-352
-349
-340
-337
-324
-323
-306
-303
-287
-285
-267
-266
-245
-246
-224
-223
-201
-201
-178
-177
-154
-152
-129
-127
-103
-103
-77
-76
-50
-51
-24
-23
3
3
30
31
57
55
82
83
110
110
136
135
160
159
185
182
208
207
231
229
251
251
272
271
293
290
311
308
329
326
342
341
357
355
370
367
381
378
391
388
397
395
405
400
408
404
409
407
410
408
410
407
410
407
402
401
395
393
388
386
379
376
366
365
354
351
341
339
324
324
307
306
288
286
267
266
248
245
226
225
201
200
178
176
155
153
128
128
102
102
76
76
48
49
22
21
-4
-5
-31
-32
-58
-59
-86
-84
-112
-112
-138
-137
-162
-162
-186
-185
-212
-210
-235
-233
-257
-255
-278
-274
-297
-295
-315
-314
-332
-332
-348
-346
-362
-359
-375
-374
-385
-384
-397
-393
-403
-401
-410
-406
-413
-410
-415
-413
-414
-413
-414
-412
-411
-408
-406
-403
-399
-398
-391
-388
-382
-380
-371
-370
-359
-356
-344
-341
-328
-325
-310
-308
-293
-293
-271
-271
-250
-249
-227
-226
-204
-204
-181
-180
-155
-153
-130
-128
-105
-102
-79
-76
-51
-50
-22
-23
3
3
32
30
59
59
86
85
113
111
137
137
163
164
189
187
213
210
237
236
258
255
280
278
299
298
317
315
336
333
350
347
364
364
378
375
389
386
399
394
406
403
411
410
417
414
419
415
419
416
418
416
416
415
412
408
403
402
395
393
385
383
373
372
361
359
347
345
329
329
312
310
294
294
272
272
251
250
229
228
205
204
180
180
155
154
128
128
103
102
76
75
48
48
21
20
-8
-7
-35
-34
-62
-62
-92
-90
-117
-116
-144
-142
-168
-168
-192
-192
-218
-216
-241
-240
-264
-262
-286
-285
-305
-302
-324
-321
-341
-340
-356
-355
-371
-368
-383
-380
-396
-393
-405
-404
-412
-411
-418
-416
-424
-420
-425
-422
-424
-422
-425
-421
-420
-416
-415
-412
-409
-407
-402
-398
-392
-390
-381
-377
-368
-365
-352
-349
-336
-333
-317
-315
-299
-295
-276
-276
-258
-255
-234
-232
-208
-207
-184
-183
-158
-157
-132
-131
-106
-104
-77
-78
-51
-50
-23
-22
6
5
33
33
59
61
87
86
115
115
143
141
168
168
194
192
219
216
242
240
265
263
286
284
305
303
324
323
343
340
358
357
373
371
387
384
397
397
408
405
415
414
422
419
427
426
427
427
428
427
427
426
426
424
420
418
411
411
404
404
394
392
382
381
370
367
353
352
337
336
318
318
299
296
277
277
256
256
235
234
209
209
186
183
159
159
131
132
104
105
77
78
49
49
22
23
-7
-7
-36
-34
-63
-62
-91
-89
-118
-117
-145
-144
-171
-169
-197
-194
-221
-220
-243
-244
-268
-266
-290
-288
-310
-309
-329
-329
-346
-347
-363
-362
-379
-377
-391
-387
-403
-400
-412
-409
-420
-417
-427
-424
-431
-427
-434
-431
-431
-432
-432
-431
-428
-426
-424
-422
-418
-415
-409
-406
-398
-396
-385
-385
-374
-370
-357
-355
-342
-341
-323
-321
-304
-302
-281
-282
-261
-260
-238
-238
-214
-214
-190
-189
-162
-163
-134
-135
-108
-108
-79
-81
-52
-52
-24
-23
5
5
33
33
62
60
88
90
118
117
145
143
171
170
196
196
222
221
245
244
268
266
291
289
311
309
330
328
348
347
365
363
379
378
393
390
405
401
413
411
422
418
428
426
434
431
436
432
436
433
435
433
435
432
430
427
419
418
413
411
401
400
389
387
375
373
361
358
344
341
324
323
305
304
283
282
261
260
237
236
213
212
188
187
163
162
134
134
107
106
78
77
51
49
21
21
-8
-6
-35
-34
-65
-64
-92
-93
-119
-121
-147
-147
-173
-173
-200
-198
-226
-224
-250
-249
-273
-271
-295
-294
-315
-315
-336
-334
-353
-350
-372
-367
-385
-379
-398
-395
-408
-406
-417
-417
-428
-424
-434
-431
-438
-436
-441
-438
-441
-439
-440
-439
-435
-432
-430
-428
-426
-422
-417
-414
-407
-404
-394
-391
-380
-378
-366
-362
-346
-345
-329
-326
-309
-307
-286
-285
-265
-264
-241
-239
-216
-216
-191
-191
-163
-162
-137
-137
-109
-109
-80
-80
-52
-52
-22
-25
6
6
35
34
63
61
93
92
122
120
149
148
176
175
201
201
228
225
252
251
275
273
298
295
319
316
337
335
356
354
373
369
389
385
401
399
412
410
422
420
430
428
437
434
441
438
444
440
445
442
444
439
442
439
437
434
430
427
421
418
410
407
397
395
384
382
367
366
350
348
332
331
312
311
291
288
267
265
244
242
219
219
193
191
167
165
138
137
112
112
82
82
52
53
23
23
-4
-5
-32
-33
-62
-60
-90
-89
-120
-121
-145
-143
-177
-173
-205
-201
-228
-227
-253
-252
-278
-276
-301
-298
-322
-320
-343
-340
-360
-359
-377
-375
-393
-390
-406
-403
-417
-414
-427
-425
-435
-434
-443
-439
-448
-445
-450
-447
-450
-448
-448
-446
-443
-441
-437
-435
-431
-429
-421
-420
-412
-409
-399
-397
-386
-383
-370
-368
-352
-350
-335
-334
-317
-313
-294
-293
-272
-270
-247
-247
-221
-221
-197
-195
-169
-170
-141
-141
-114
-114
-83
-84
-57
-57
-27
-28
5
3
33
33
60
62
92
90
120
119
149
148
177
176
202
200
230
227
255
252
279
275
300
298
322
319
342
339
359
358
378
375
393
390
407
405
419
417
427
425
436
435
444
441
448
446
452
449
452
447
450
447
449
446
445
441
434
431
426
425
416
412
403
402
388
385
372
370
354
354
336
334
315
315
294
293
272
269
246
244
221
220
195
192
167
167
139
138
113
110
82
82
54
54
25
25
-6
-6
-36
-35
-66
-66
-95
-94
-126
-123
-151
-151
-180
-179
-209
-206
-234
-232
-259
-257
-283
-281
-305
-304
-326
-326
-348
-345
-366
-364
-382
-382
-398
-396
-412
-409
-425
-421
-436
-432
-443
-441
-449
-447
-453
-452
-456
-455
-458
-455
-454
-454
-451
-448
-446
-443
-438
-436
-432
-429
-420
-418
-407
-406
-394
-391
-377
-375
-360
-357
-341
-338
-319
-318
-299
-296
-275
-272
-249
-249
-222
-224
-199
-197
-169
-171
-142
-141
-114
-114
-84
-83
-54
-53
-24
-24
5
7
34
34
64
64
96
95
124
125
152
151
181
178
209
207
233
234
260
258
284
283
306
306
330
326
349
348
370
365
386
383
401
398
415
414
427
424
437
436
444
444
450
449
457
454
458
456
459
457
457
455
457
454
456
453
444
443
436
433
424
421
410
407
395
392
379
376
362
358
342
340
321
318
299
299
276
273
250
249
225
224
197
196
170
170
143
141
113
111
83
81
52
52
24
23
-7
-7
-36
-36
-64
-64
-96
-97
-126
-125
-155
-154
-183
-183
-212
-209
-238
-237
-264
-261
-289
-285
-312
-309
-334
-332
-354
-351
-373
-371
-390
-388
-407
-404
-417
-414
-427
-427
-441
-437
-448
-446
-454
-453
-458
-454
-463
-460
-466
-464
-463
-461
-459
-457
-448
-446
-439
-438
-432
-429
-423
-421
-413
-411
-398
-396
-382
-381
-366
-364
-345
-344
-324
-323
-300
-301
-277
-278
-252
-253
-228
-225
-200
-198
-169
-171
-142
-143
-113
-112
-86
-84
-54
-54
-25
-25
5
7
37
37
66
66
98
96
131
130
161
159
188
185
214
213
239
238
263
265
290
288
314
311
335
334
355
354
375
373
392
389
407
405
424
421
435
433
446
442
453
452
460
459
465
463
468
464
468
467
467
465
466
463
460
458
451
449
442
439
431
430
418
416
403
402
387
385
368
365
348
346
328
325
304
303
279
278
255
253
229
226
201
200
174
173
144
143
114
114
84
85
53
54
23
24
-6
-8
-39
-38
-70
-68
-99
-99
-130
-128
-160
-158
-188
-186
-216
-215
-243
-241
-270
-266
-292
-293
-318
-316
-339
-337
-360
-359
-380
-377
-397
-395
-413
-412
-428
-427
-439
-437
-451
-447
-459
-457
-467
-463
-472
-468
-474
-471
-474
-472
-472
-471
-468
-464
-462
-461
-458
-455
-447
-444
-435
-433
-423
-420
-409
-406
-392
-390
-373
-371
-353
-352
-332
-331
-309
-307
-286
-283
-259
-258
-232
-231
-206
-205
-176
-177
-148
-148
-118
-118
-88
-87
-58
-57
-26
-27
6
3
37
35
67
67
97
98
130
126
157
156
186
187
214
214
242
239
267
266
294
292
319
317
340
338
360
359
381
378
398
398
417
413
429
425
441
439
453
450
461
458
468
465
471
470
476
472
475
473
475
473
473
470
470
467
458
458
449
447
438
436
425
421
409
407
393
391
374
370
353
351
333
330
309
308
284
283
260
258
233
231
205
204
176
175
146
146
117
115
85
85
56
53
23
21
-7
-8
-39
-40
-71
-71
-103
-101
-132
-132
-161
-162
-190
-191
-219
-219
-246
-246
-273
-273
-299
-299
-323
-322
-345
-344
-367
-366
-386
-385
-403
-402
-420
-419
-435
-433
-447
-446
-459
-458
-468
-466
-474
-472
-479
-477
-483
-480
-483
-480
-482
-481
-477
-475
-470
-468
-465
-462
-456
-455
-443
-442
-431
-428
-415
-414
-398
-397
-379
-379
-359
-358
-338
-336
-313
-313
-288
-289
-263
-263
-237
-235
-208
-208
-181
-178
-150
-149
-121
-120
-89
-87
-58
-58
-26
-25
5
5
36
36
68
69
99
99
131
130
162
160
191
191
219
218
247
246
273
271
299
297
323
322
348
344
368
366
388
385
406
405
422
422
437
435
449
448
461
458
470
468
476
474
481
480
484
483
485
485
483
482
482
480
477
475
467
464
460
457
448
446
434
433
419
416
401
399
383
380
364
361
341
338
317
317
291
291
266
264
239
236
212
209
181
179
151
150
123
120
89
88
58
58
28
26
-4
-3
-34
-32
-67
-68
-98
-96
-130
-129
-158
-157
-185
-185
-219
-218
-248
-246
-276
-275
-302
-300
-326
-325
-349
-347
-372
-368
-390
-389
-410
-408
-427
-423
-441
-438
-454
-451
-464
-461
-474
-472
-480
-479
-486
-484
-489
-486
-488
-486
-488
-485
-484
-481
-475
-473
-467
-466
-460
-456
-447
-445
-434
-432
-418
-417
-400
-400
-383
-381
-362
-360
-338
-338
-316
-315
-293
-289
-268
-266
-241
-239
-211
-211
-182
-180
-152
-150
-123
-120
-90
-90
-59
-58
-27
-27
6
7
39
38
69
69
101
101
134
131
165
162
195
192
224
222
252
249
278
278
305
304
329
326
353
350
375
372
393
392
414
412
429
428
444
442
458
454
469
465
480
475
484
482
489
488
493
490
493
492
491
488
490
486
484
482
475
473
466
462
453
452
438
436
425
422
407
405
388
386
367
365
344
343
320
320
294
294
269
269
240
240
212
213
183
183
152
151
121
120
90
88
57
56
24
27
-8
-7
-40
-40
-72
-71
-105
-104
-137
-137
-167
-167
-197
-196
-226
-226
-255
-253
-281
-282
-309
-308
-334
-332
-356
-354
-379
-376
-399
-397
-418
-414
-434
-432
-449
-447
-464
-461
-474
-471
-483
-481
-490
-487
-495
-491
-498
-495
-498
-497
-497
-494
-491
-488
-486
-483
-478
-476
-469
-466
-458
-454
-445
-443
-427
-427
-411
-408
-392
-390
-371
-369
-346
-346
-323
-322
-298
-297
-271
-270
-244
-244
-216
-213
-185
-184
-153
-155
-122
-122
-90
-91
-59
-59
-25
-27
7
7
40
38
72
70
103
102
135
134
167
166
198
197
228
225
255
254
283
282
310
308
335
332
358
357
381
378
402
398
420
417
436
435
453
448
466
462
476
473
486
483
493
489
498
493
500
498
502
498
500
496
496
493
492
488
482
481
472
470
462
459
447
443
431
429
413
412
393
392
372
369
350
348
325
324
299
299
272
271
245
243
217
215
187
185
155
154
123
125
90
91
60
59
27
25
-5
-6
-37
-39
-72
-72
-106
-103
-137
-135
-166
-167
-199
-198
-227
-228
-257
-255
-284
-283
-311
-311
-336
-336
-361
-358
-382
-381
-404
-402
-422
-420
-439
-437
-455
-452
-468
-465
-481
-476
-490
-485
-495
-493
-503
-500
-505
-500
-504
-502
-505
-501
-500
-495
-491
-489
-486
-483
-476
-473
-465
-462
-451
-448
-435
-433
-418
-414
-397
-396
-377
-374
-353
-351
-330
-328
-304
-302
-277
-275
-249
-246
-218
-219
-189
-187
-158
-156
-126
-125
-93
-93
-59
-60
-28
-27
4
5
39
39
71
70
104
103
137
135
168
168
199
197
229
227
258
256
287
283
314
311
338
336
364
361
385
383
406
404
425
424
444
440
458
456
471
469
483
480
493
489
499
497
505
502
508
503
510
507
506
505
505
502
500
495
489
487
481
478
470
464
454
451
438
437
420
418
402
398
381
377
357
356
334
331
306
304
279
277
252
248
220
220
191
189
159
158
126
126
94
95
61
62
29
27
-6
-4
-38
-39
-72
-71
-105
-104
-138
-137
-170
-169
-200
-200
-232
-230
-261
-260
-288
-287
-314
-313
-344
-341
-368
-364
-388
-387
-410
-409
-430
-427
-447
-445
-462
-460
-476
-473
-488
-485
-496
-495
-505
-502
-510
-507
-512
-510
-515
-511
-513
-509
-508
-505
-500
-499
-494
-492
-485
-482
-472
-471
-459
-457
-443
-440
-424
-422
-405
-402
-383
-381
-360
-358
-334
-333
-308
-307
-280
-279
-252
-250
-221
-221
-190
-190
-160
-159
-128
-127
-95
-94
-61
-59
-27
-27
7
5
40
40
74
74
108
107
139
139
172
170
205
203
234
232
265
263
292
292
317
317
345
341
370
367
391
392
414
412
434
431
449
448
466
463
480
478
491
489
500
498
508
507
513
512
517
514
517
514
516
513
512
508
511
508
503
501
488
485
477
474
461
459
445
443
428
425
405
406
385
384
362
361
336
334
309
309
281
282
253
251
222
222
192
192
158
159
128
127
93
93
59
59
26
26
-8
-7
-41
-42
-76
-76
-111
-108
-143
-143
-176
-172
-207
-205
-238
-235
-268
-266
-295
-296
-325
-323
-351
-349
-375
-374
-397
-396
-419
-417
-438
-437
-456
-454
-473
-470
-486
-483
-497
-494
-506
-505
-516
-512
-521
-517
-524
-519
-524
-520
-522
-519
-518
-514
-511
-509
-504
-502
-495
-491
-482
-479
-465
-464
-451
-448
-432
-430
-414
-410
-392
-388
-366
-365
-341
-339
-315
-313
-287
-286
-258
-256
-228
-225
-195
-194
-164
-163
-131
-131
-96
-96
-64
-62
-29
-29
5
6
40
40
75
73
107
106
141
140
172
173
208
205
238
237
267
267
296
294
325
323
350
348
374
373
400
398
422
419
440
438
458
455
475
473
489
487
501
498
510
507
517
515
522
519
526
523
526
524
526
522
523
520
518
515
508
505
496
494
485
482
470
467
454
450
435
431
414
412
392
390
368
366
343
341
317
314
288
287
258
257
228
227
196
196
164
165
133
132
99
100
66
66
35
33
-2
0
-35
-34
-72
-70
-105
-104
-137
-136
-169
-166
-205
-202
-237
-236
-267
-265
-298
-293
-324
-323
-350
-349
-376
-373
-398
-397
-421
-419
-441
-440
-459
-457
-476
-473
-489
-486
-502
-499
-510
-508
-520
-516
-524
-520
-528
-525
-528
-525
-525
-524
-520
-519
-514
-512
-509
-507
-499
-496
-488
-485
-471
-468
-451
-450
-434
-431
-413
-411
-391
-389
-366
-364
-340
-339
-314
-313
-284
-284
-256
-255
-223
-223
-190
-189
-162
-161
-128
-129
-95
-96
-61
-62
-27
-27
9
10
45
43
79
78
114
112
145
145
181
179
214
213
247
246
280
279
308
305
335
332
361
360
388
385
408
406
429
428
448
444
467
465
482
479
499
494
510
509
520
518
527
525
535
530
538
534
536
533
532
531
533
529
526
523
516
515
508
505
494
491
480
478
461
459
443
439
424
421
402
400
376
372
350
347
324
320
294
292
264
262
232
231
202
199
168
164
135
134
102
99
64
65
31
29
-5
-6
-42
-41
-75
-77
-112
-110
-143
-142
-177
-177
-210
-209
-241
-240
-272
-270
-303
-299
-330
-327
-357
-354
-382
-380
-407
-404
-430
-427
-448
-448
-466
-464
-483
-481
-497
-495
-509
-505
-519
-516
-527
-522
-532
-529
-536
-534
-537
-535
-535
-532
-533
-529
-526
-523
-518
-514
-508
-506
-496
-491
-480
-477
-463
-460
-444
-441
-423
-421
-400
-397
-377
-375
-349
-348
-322
-322
-292
-293
-264
-262
-232
-230
-197
-198
-166
-165
-133
-132
-98
-97
-63
-61
-26
-28
7
9
44
41
79
76
113
112
148
146
180
180
214
213
246
245
277
276
307
306
336
334
362
360
389
387
414
409
434
432
454
452
473
471
488
488
505
501
514
514
526
523
532
532
539
536
541
540
542
540
542
539
536
535
529
528
521
518
510
509
498
496
482
481
464
464
447
444
425
422
402
400
378
376
351
350
324
323
294
293
264
263
232
232
200
201
167
166
132
132
98
98
63
62
28
27
-8
-7
-45
-43
-80
-79
-115
-113
-150
-147
-184
-180
-217
-214
-250
-246
-281
-279
-309
-308
-339
-337
-367
-364
-391
-390
-416
-414
-440
-436
-459
-456
-478
-474
-493
-491
-508
-505
-520
-517
-531
-528
-538
-535
-543
-539
-547
-544
-546
-545
-547
-543
-540
-537
-534
-531
-529
-526
-516
-514
-503
-500
-487
-485
-470
-469
-453
-450
-432
-430
-410
-406
-383
-382
-358
-356
-329
-326
-301
-298
-270
-267
-238
-237
-204
-203
-171
-169
-136
-136
-100
-101
-66
-66
-30
-29
6
6
42
42
77
77
113
111
148
145
183
180
217
214
249
247
280
278
312
309
340
338
367
365
393
391
418
415
439
439
460
457
478
476
496
491
511
506
522
519
533
527
540
536
545
542
548
545
549
547
546
542
544
541
537
537
528
525
518
514
504
501
489
487
473
471
453
452
430
428
407
405
382
382
358
355
329
328
299
299
270
268
237
237
204
203
170
169
136
135
100
100
65
63
30
29
-7
-6
-44
-43
-79
-80
-115
-114
-151
-148
-185
-184
-217
-217
-252
-249
-283
-281
-314
-312
-344
-341
-371
-368
-397
-396
-421
-420
-445
-442
-466
-461
-485
-481
-501
-499
-514
-511
-527
-525
-539
-537
-546
-543
-552
-548
-555
-552
-555
-552
-554
-550
-549
-546
-541
-537
-534
-531
-524
-521
-511
-507
-495
-493
-479
-476
-459
-455
-435
-433
-413
-410
-387
-386
-362
-360
-334
-332
-304
-301
-273
-270
-241
-239
-207
-205
-173
-169
-136
-134
-100
-98
-63
-63
-28
-28
7
6
43
42
78
78
114
112
148
147
185
183
219
217
251
249
284
281
314
312
342
342
372
370
399
395
423
420
447
443
467
464
486
484
503
498
518
515
531
528
540
537
548
545
555
550
558
554
559
554
557
554
554
551
548
546
541
539
530
525
514
510
499
495
481
477
461
458
442
438
417
415
392
388
362
359
335
331
305
302
271
271
243
238
208
205
173
172
136
136
104
101
68
66
31
30
-5
-5
-41
-42
-76
-79
-115
-114
-151
-150
-188
-186
-223
-222
-256
-256
-289
-288
-320
-319
-350
-349
-377
-376
-403
-403
-429
-426
-452
-449
-474
-471
-493
-490
-509
-507
-523
-522
-538
-535
-548
-546
-556
-553
-562
-560
-564
-562
-565
-563
-564
-562
-559
-557
-553
-549
-544
-541
-535
-531
-520
-519
-503
-501
-486
-483
-466
-464
-446
-443
-422
-419
-395
-394
-367
-366
-339
-336
-309
-308
-278
-277
-246
-244
-211
-210
-176
-176
-141
-141
-105
-104
-68
-69
-32
-31
6
4
42
41
79
78
116
114
153
151
188
185
222
219
256
254
286
285
318
316
347
346
376
374
404
401
429
427
453
448
473
469
492
489
510
507
527
521
538
533
548
544
556
552
562
557
566
561
566
562
564
560
562
557
555
552
546
542
534
532
521
517
506
502
487
484
467
465
443
442
421
419
396
395
368
365
341
338
310
306
275
273
243
242
212
209
175
173
140
138
103
101
67
65
30
29
-7
-8
-45
-44
-83
-81
-118
-119
-155
-156
-189
-190
-224
-223
-258
-256
-291
-290
-321
-321
-351
-351
-381
-379
-407
-406
-433
-432
-458
-455
-479
-477
-498
-496
-515
-512
-531
-526
-542
-540
-553
-551
-560
-559
-566
-565
-570
-568
-571
-570
-569
-567
-565
-563
-555
-553
-547
-544
-536
-534
-522
-520
-506
-506
-489
-487
-469
-466
-446
-444
-422
-421
-397
-396
-369
-368
-340
-339
-309
-305
-274
-273
-243
-243
-209
-209
-172
-171
-134
-137
-100
-100
-63
-63
-23
-26
16
15
47
47
81
81
118
118
156
153
190
189
225
225
260
258
292
289
324
322
353
351
383
380
410
406
435
432
460
456
481
477
499
497
518
514
532
530
545
542
556
553
565
561
570
566
573
570
575
570
572
568
568
564
565
561
559
556
548
544
535
531
518
514
498
494
476
472
454
450
429
426
404
398
375
371
345
343
315
312
284
280
250
249
216
210
177
174
142
141
105
105
69
68
31
30
-8
-8
-44
-44
-82
-82
-119
-119
-156
-156
-193
-192
-228
-226
-262
-262
-294
-294
-326
-325
-357
-355
-386
-385
-414
-411
-439
-436
-461
-459
-484
-482
-503
-502
-521
-517
-536
-535
-549
-546
-559
-558
-568
-565
-573
-573
-577
-575
-577
-574
-577
-573
-570
-568
-565
-562
-555
-555
-545
-543
-532
-529
-514
-512
-497
-495
-477
-474
-455
-451
-431
-428
-404
-403
-376
-375
-347
-345
-316
-315
-282
-281
-248
-248
-213
-210
-178
-176
-143
-142
-103
-105
-68
-68
-30
-29
10
8
46
46
83
82
121
121
159
157
195
193
230
228
264
263
299
297
330
328
362
357
391
386
417
414
444
440
467
465
488
487
508
506
526
523
541
537
555
550
566
561
574
569
580
573
583
578
582
579
581
576
578
573
573
568
564
560
550
546
536
532
519
516
502
496
480
477
458
456
434
431
406
404
379
376
349
346
318
316
285
283
252
250
217
216
181
179
146
144
104
103
67
66
29
31
-8
-8
-46
-47
-84
-85
-123
-122
-160
-160
-195
-195
-232
-230
-266
-265
-299
-299
-333
-331
-363
-360
-393
-392
-420
-419
-445
-444
-469
-468
-492
-491
-512
-510
-529
-527
-544
-544
-558
-556
-569
-567
-578
-576
-584
-581
-587
-584
-586
-585
-586
-584
-581
-577
-572
-571
-567
-564
-555
-551
-540
-538
-523
-522
-504
-504
-484
-484
-462
-459
-435
-437
-410
-410
-382
-381
-352
-352
-321
-319
-287
-287
-254
-253
-218
-218
-182
-183
-146
-147
-106
-107
-69
-69
-32
-32
6
6
45
45
83
83
122
121
158
157
196
195
232
230
267
265
301
299
333
329
364
361
394
390
422
417
447
445
471
469
493
490
512
511
530
529
547
544
561
557
570
568
578
577
585
582
588
586
590
587
587
583
584
581
580
577
569
564
556
554
542
540
525
523
505
506
485
483
464
461
439
437
411
410
383
380
351
349
321
319
288
286
254
251
218
215
181
181
144
144
106
106
69
68
29
29
-9
-11
-48
-47
-87
-85
-125
-125
-163
-161
-200
-198
-238
-235
-272
-270
-304
-304
-336
-336
-369
-366
-399
-396
-426
-424
-453
-450
-477
-474
-501
-497
-521
-517
-538
-535
-553
-551
-566
-564
-578
-575
-586
-583
-592
-588
-596
-592
-596
-594
-595
-592
-589
-586
-581
-577
-571
-570
-561
-558
-547
-545
-530
-529
-512
-511
-492
-490
-469
-466
-442
-441
-417
-414
-386
-387
-357
-355
-324
-323
-291
-291
-257
-256
-221
-221
-185
-183
-146
-147
-108
-107
-69
-70
-30
-30
10
9
48
47
85
85
126
125
162
161
200
198
235
236
271
270
307
303
339
336
371
369
401
398
430
427
457
453
481
477
502
500
524
520
540
539
557
554
570
567
581
578
591
586
596
592
598
594
600
596
597
595
594
590
591
586
579
576
566
563
552
549
535
531
517
513
496
492
470
468
447
445
420
417
392
388
361
358
327
326
294
291
259
256
226
224
188
187
152
153
113
113
75
74
34
33
-2
-2
-40
-40
-83
-81
-122
-119
-155
-155
-195
-194
-234
-231
-268
-267
-301
-299
-335
-333
-368
-365
-396
-394
-423
-420
-451
-450
-480
-476
-498
-496
-522
-519
-539
-538
-559
-557
-572
-571
-586
-582
-594
-591
-598
-597
-604
-600
-602
-600
-601
-599
-596
-593
-587
-587
-581
-579
-570
-568
-555
-553
-538
-537
-519
-517
-498
-495
-474
-472
-449
-447
-422
-421
-395
-392
-363
-360
-330
-329
-295
-294
-259
-259
-223
-224
-188
-187
-148
-150
-111
-110
-73
-71
-31
-32
7
7
49
47
88
88
125
126
165
163
203
200
238
237
275
273
310
307
342
341
374
372
406
402
433
429
459
456
486
482
507
504
529
525
547
542
563
560
577
572
587
582
597
593
603
598
606
601
607
602
603
598
600
597
596
591
585
581
574
570
557
554
540
538
522
517
500
495
476
471
453
450
425
421
394
392
363
359
331
327
296
293
261
258
223
223
187
185
149
147
109
109
71
71
32
30
-9
-10
-48
-49
-89
-90
-124
-126
-168
-167
-206
-206
-242
-242
-278
-277
-312
-311
-345
-344
-378
-377
-410
-408
-438
-435
-465
-464
-490
-489
-512
-511
-533
-532
-551
-550
-567
-565
-581
-578
-593
-590
-601
-598
-610
-604
-611
-608
-613
-609
-612
-608
-605
-601
-595
-593
-583
-583
-576
-572
-561
-556
-543
-539
-525
-522
-502
-500
-479
-476
-454
-452
-423
-423
-396
-393
-364
-362
-333
-330
-297
-294
-260
-257
-221
-221
-186
-182
-144
-143
-102
-103
-67
-67
-28
-29
10
10
50
52
90
89
131
131
171
170
206
204
243
241
278
277
314
312
346
345
379
378
410
409
439
436
466
464
492
489
514
512
536
531
554
551
571
568
584
580
594
590
603
602
609
606
614
611
614
611
614
610
609
607
602
598
593
589
580
576
566
563
548
546
529
528
508
505
484
482
459
456
430
428
400
399
369
368
336
334
300
301
265
265
228
227
192
190
153
151
113
111
73
73
32
32
-8
-8
-49
-48
-89
-88
-128
-127
-169
-167
-206
-204
-243
-242
-282
-281
-316
-315
-350
-348
-383
-381
-414
-411
-442
-439
-470
-467
-495
-492
-518
-517
-538
-536
-558
-555
-575
-573
-588
-587
-599
-597
-609
-605
-615
-611
-618
-614
-621
-616
-618
-614
-609
-607
-604
-600
-597
-593
-584
-580
-569
-566
-551
-548
-532
-529
-512
-508
-487
-484
-461
-457
-433
-430
-402
-400
-371
-369
-337
-335
-303
-301
-267
-265
-231
-228
-191
-190
-153
-152
-111
-112
-73
-72
-32
-32
9
9
49
49
89
89
130
128
170
168
209
208
247
244
287
285
319
318
354
351
387
383
418
414
447
445
475
471
500
499
524
521
545
543
564
562
581
577
595
592
606
603
615
612
623
618
625
621
625
622
623
620
621
617
613
610
603
600
590
588
575
574
558
556
539
537
518
513
494
489
466
465
438
436
409
406
377
375
343
341
308
307
271
271
233
232
195
196
155
156
117
116
76
76
35
36
-5
-7
-47
-47
-87
-88
-126
-126
-166
-167
-206
-205
-244
-244
-284
-281
-318
-314
-352
-350
-387
-387
-418
-416
-446
-444
-474
-472
-500
-497
-523
-521
-542
-541
-561
-557
-579
-574
-590
-587
-602
-600
-613
-609
-617
-614
-623
-618
-623
-619
-622
-620
-618
-615
-613
-611
-601
-599
-591
-586
-575
-571
-556
-554
-537
-535
-515
-513
-490
-488
-463
-462
-436
-433
-405
-404
-373
-372
-339
-337
-305
-302
-269
-267
-228
-229
-191
-191
-152
-151
-112
-110
-71
-70
-30
-31
12
11
51
52
95
92
134
132
172
170
211
209
250
248
288
285
322
321
359
359
391
389
422
419
453
451
480
477
506
504
529
527
552
548
571
569
587
584
601
597
612
609
621
618
628
625
631
628
631
630
628
626
626
624
620
618
611
607
597
594
580
579
562
561
542
541
520
519
496
494
469
467
440
439
410
410
378
376
344
341
309
306
273
270
235
233
194
192
155
154
114
114
74
73
31
33
-9
-8
-51
-50
-91
-92
-133
-132
-174
-173
-212
-212
-252
-250
-290
-286
-326
-323
-361
-358
-393
-391
-427
-425
-458
-454
-483
-482
-509
-508
-533
-531
-555
-553
-575
-571
-592
-588
-605
-603
-618
-615
-627
-622
-631
-629
-635
-633
-637
-633
-635
-630
-628
-625
-622
-619
-612
-610
-601
-597
-584
-582
-568
-566
-548
-546
-526
-523
-501
-498
-474
-470
-445
-443
-413
-411
-382
-379
-347
-346
-311
-310
-277
-273
-237
-236
-195
-197
-158
-157
-116
-116
-77
-75
-34
-32
9
9
50
51
92
91
132
133
173
174
214
211
253
252
290
288
326
325
363
361
397
391
430
427
459
459
485
483
512
511
536
534
558
555
577
574
593
591
608
605
619
616
629
625
636
633
639
636
640
637
638
635
635
634
630
626
618
613
605
601
590
585
569
568
549
548
528
527
504
502
477
473
447
446
417
413
383
382
349
347
313
313
276
275
238
236
197
198
157
157
117
117
74
75
34
33
-9
-8
-52
-51
-93
-91
-134
-132
-175
-173
-216
-214
-255
-251
-293
-290
-330
-328
-363
-362
-398
-394
-430
-428
-461
-459
-490
-486
-517
-515
-540
-537
-563
-558
-581
-579
-598
-595
-612
-609
-625
-620
-635
-629
-641
-636
-645
-641
-645
-639
-643
-639
-637
-634
-631
-626
-621
-618
-608
-604
-592
-590
-576
-572
-556
-551
-532
-529
-508
-505
-479
-477
-451
-448
-419
-418
-385
-385
-351
-351
-316
-314
-278
-277
-238
-238
-200
-199
-161
-159
-117
-117
-77
-76
-35
-35
7
9
50
52
92
92
134
134
175
175
214
215
254
255
292
293
329
329
365
364
399
398
432
430
463
461
490
488
520
517
542
541
565
562
583
581
599
596
616
613
626
622
634
633
642
639
646
644
647
645
646
641
644
641
637
636
624
622
609
607
595
592
576
573
556
554
532
531
509
506
480
479
452
450
420
419
387
385
354
352
315
315
280
278
239
238
201
199
159
158
118
117
77
76
33
33
-9
-8
-51
-51
-93
-93
-135
-135
-177
-176
-217
-217
-257
-257
-294
-295
-334
-332
-370
-365
-403
-401
-436
-433
-467
-464
-495
-493
-522
-520
-545
-543
-567
-565
-590
-586
-606
-602
-620
-617
-632
-629
-642
-638
-647
-644
-650
-646
-654
-648
-650
-645
-642
-637
-634
-630
-625
-622
-614
-609
-597
-595
-579
-577
-559
-556
-535
-534
-511
-508
-483
-481
-453
-450
-421
-420
-389
-387
-352
-350
-315
-313
-275
-275
-236
-237
-198
-195
-156
-155
-111
-111
-73
-72
-32
-32
11
11
54
54
95
95
137
137
178
179
222
219
261
260
299
298
336
334
370
369
404
404
438
435
468
466
497
495
523
522
548
546
570
568
593
591
611
607
623
621
634
632
645
641
652
648
652
652
655
652
655
649
651
646
641
639
632
629
618
615
603
600
584
582
561
560
542
539
516
513
488
486
458
457
425
425
394
392
358
357
321
320
283
285
244
243
205
205
163
162
120
120
77
79
34
36
-8
-7
-51
-50
-94
-92
-136
-134
-179
-177
-219
-215
-260
-256
-298
-295
-336
-332
-372
-368
-408
-403
-440
-437
-472
-470
-501
-497
-528
-524
-552
-548
-576
-572
-595
-592
-611
-608
-625
-621
-642
-635
-650
-646
-657
-654
-661
-656
-660
-655
-658
-656
-651
-648
-644
-638
-635
-631
-622
-617
-606
-604
-589
-585
-568
-564
-546
-542
-521
-516
-491
-487
-461
-458
-429
-427
-395
-395
-359
-360
-325
-322
-286
-284
-246
-245
-204
-203
-163
-162
-121
-120
-78
-78
-35
-34
9
7
52
52
94
95
138
137
179
178
220
220
261
259
301
299
338
338
375
373
410
407
443
441
473
472
505
501
530
528
555
552
577
576
597
596
614
611
630
628
645
640
654
650
660
656
662
659
664
660
661
658
660
657
653
652
642
639
627
623
610
608
591
588
570
567
547
545
522
520
493
490
463
462
430
430
397
395
361
361
323
323
286
284
246
245
205
204
161
163
119
120
77
77
34
35
-7
-8
-52
-51
-96
-94
-139
-137
-181
-179
-222
-222
-263
-262
-302
-300
-341
-339
-377
-375
-412
-409
-446
-444
-477
-475
-508
-504
-534
-532
-559
-556
-582
-580
-603
-600
-620
-617
-634
-630
-648
-644
-657
-652
-663
-659
-668
-664
-668
-663
-665
-663
-659
-656
-653
-648
-644
-640
-629
-627
-613
-612
-592
-588
-572
-571
-549
-546
-520
-519
-493
-492
-462
-460
-430
-428
-394
-392
-358
-358
-324
-323
-286
-286
-245
-245
-202
-202
-160
-158
-119
-117
-76
-75
-32
-33
14
12
57
57
98
99
140
140
184
182
227
225
266
265
307
305
348
346
384
381
418
415
451
447
482
477
511
509
538
534
563
560
584
582
605
602
623
621
638
634
651
646
658
655
667
664
673
670
672
669
670
666
667
663
658
654
647
642
634
629
617
613
600
595
577
575
554
552
529
525
501
497
468
466
436
434
402
400
365
363
327
325
287
287
248
247
206
205
166
162
121
119
77
76
32
33
-11
-11
-57
-55
-100
-99
-142
-142
-186
-185
-229
-228
-270
-269
-309
-309
-348
-348
-385
-384
-421
-418
-456
-451
-487
-484
-516
-513
-544
-541
-569
-567
-592
-590
-612
-608
-629
-628
-645
-642
-658
-654
-667
-664
-672
-670
-676
-673
-677
-672
-678
-676
-671
-667
-662
-661
-653
-650
-638
-637
-624
-622
-605
-601
-585
-581
-559
-556
-534
-532
-505
-503
-473
-472
-442
-439
-407
-406
-370
-368
-332
-332
-294
-293
-251
-252
-209
-210
-171
-169
-126
-126
-81
-82
-37
-37
7
6
52
51
97
94
139
139
183
183
225
225
269
267
306
306
347
345
384
384
421
418
455
452
487
484
517
513
545
541
570
567
594
591
615
610
633
629
646
644
660
655
669
665
676
672
681
675
680
676
681
677
676
672
667
665
657
652
642
638
627
623
608
604
587
584
561
559
534
534
506
503
476
474
444
441
408
406
371
370
334
331
293
292
253
253
210
210
168
168
125
125
79
81
36
36
-10
-9
-55
-52
-98
-96
-143
-140
-186
-184
-229
-227
-271
-267
-311
-307
-349
-348
-388
-384
-425
-421
-459
-454
-490
-488
-521
-517
-549
-544
-575
-570
-596
-593
-618
-614
-635
-632
-650
-646
-663
-659
-673
-669
-679
-675
-683
-680
-685
-680
-684
-680
-676
-672
-668
-664
-659
-657
-647
-643
-630
-625
-611
-607
-590
-586
-564
-562
-539
-536
-510
-507
-480
-476
-446
-443
-411
-409
-373
-373
-337
-334
-295
-294
-254
-254
-213
-212
-169
-167
-126
-124
-82
-81
-36
-36
9
9
54
53
99
98
144
142
186
184
230
227
271
270
312
311
352
349
389
388
425
424
460
458
491
490
522
520
550
549
576
573
600
596
621
618
640
636
656
650
664
663
676
671
684
680
687
684
688
685
687
683
683
678
676
674
667
663
653
648
635
633
614
611
593
590
569
566
541
538
513
510
482
480
447
445
413
410
376
374
337
334
298
296
256
255
214
213
169
169
126
126
81
83
36
35
-9
-8
-54
-54
-98
-99
-141
-142
-186
-186
-229
-227
-273
-271
-313
-310
-353
-350
-393
-389
-429
-425
-462
-460
-494
-492
-526
-521
-553
-552
-580
-576
-602
-600
-624
-620
-643
-637
-657
-654
-671
-668
-680
-677
-688
-683
-690
-688
-690
-687
-690
-686
-683
-679
-676
-672
-665
-659
-651
-647
-636
-633
-615
-610
-593
-588
-569
-564
-541
-539
-511
-508
-481
-477
-447
-445
-410
-407
-373
-370
-333
-331
-294
-291
-251
-248
-208
-205
-167
-166
-124
-123
-80
-79
-34
-32
10
11
56
55
102
102
146
145
193
189
235
233
276
275
317
316
357
357
397
394
432
430
468
464
500
498
528
527
558
553
583
580
605
602
626
624
643
642
661
657
674
669
683
679
690
686
694
690
695
692
694
689
689
686
682
679
670
667
656
649
641
638
623
621
598
594
573
568
544
542
517
513
484
482
451
449
416
413
378
376
339
337
299
296
257
255
213
213
168
169
126
124
78
79
34
34
-12
-11
-58
-56
-103
-104
-147
-148
-193
-191
-236
-234
-280
-277
-319
-319
-362
-359
-399
-397
-437
-436
-471
-468
-503
-502
-535
-533
-562
-561
-590
-587
-614
-610
-635
-632
-653
-650
-668
-665
-683
-679
-692
-687
-697
-694
-702
-699
-703
-700
-701
-697
-696
-691
-685
-684
-678
-674
-664
-659
-648
-645
