1651 9 80009470 0 3e8 9
-89
-52
-491
-466
-467
-440
-441
-411
-412
-382
-384
-352
-353
-321
-320
-286
-288
-254
-254
-220
-220
-185
-184
-150
-148
-114
-38
-37
-2
-1
35
37
73
75
109
111
145
147
181
183
216
218
251
252
285
286
318
321
350
352
378
382
409
411
437
439
463
466
488
490
511
513
533
536
553
556
571
573
587
592
602
605
613
616
623
627
633
635
638
641
641
644
644
646
643
646
640
642
637
639
630
632
620
622
610
611
596
598
581
583
565
566
546
548
525
527
504
505
480
481
453
455
427
428
399
400
368
370
338
339
306
307
271
272
238
238
204
204
169
167
131
130
94
96
58
58
21
20
-16
-17
-52
-53
-89
-91
-127
-128
-163
-164
-197
-199
-232
-234
-267
-268
-300
-302
-333
-334
-365
-366
-395
-396
-424
-425
-450
-452
-478
-479
-500
-502
-522
-524
-545
-545
-563
-564
-580
-582
-596
-597
-610
-610
-619
-621
-628
-630
-636
-638
-640
-643
-644
-645
-645
-646
-644
-644
-640
-641
-635
-636
-627
-627
-617
-618
-604
-606
-591
-592
-575
-575
-558
-559
-538
-539
-516
-517
-492
-496
-469
-470
-442
-445
-414
-415
-386
-386
-355
-357
-324
-325
-292
-293
-258
-258
-223
-224
-188
-190
-154
-153
-118
-116
-80
-79
-43
-43
-6
-5
32
33
69
68
104
105
142
142
176
178
212
214
248
249
282
283
314
316
346
348
376
378
407
408
434
436
461
463
487
489
510
512
532
534
552
554
570
572
586
588
601
602
613
614
623
625
632
633
638
639
643
644
643
645
643
645
641
643
636
638
629
631
621
624
609
612
597
599
582
584
566
568
548
550
527
529
505
506
483
481
455
457
430
430
402
402
372
371
341
341
307
308
275
275
239
241
207
206
172
170
134
136
98
98
60
61
25
24
-11
-13
-50
-50
-87
-87
-123
-124
-159
-161
-195
-197
-230
-231
630
619
621
609
609
595
596
580
581
564
565
545
544
523
524
502
502
477
477
586
590
601
602
612
615
623
625
630
634
637
639
641
644
643
646
642
646
641
643
636
639
629
632
621
54
18
18
-21
-19
-58
-57
-94
-94
-129
-130
-165
-167
-200
-202
-236
482
456
457
429
430
401
401
371
372
341
340
307
309
273
276
242
241
206
206
171
171
136
135
99
98
60
61
24
25
-12
-13
-51
-50
-87
-87
-123
-125
-159
-160
-195
-196
-230
-232
-264
-266
-298
-299
-330
-332
-362
-363
-392
-394
-421
-423
-1024
-301
-266
-266
-233
-233
-197
-198
-162
-162
-127
-126
-89
-89
-52
-491
-466
-467
-440
-441
-411
-412
-382
-384
-352
-353
-321
-320
-286
-288
-254
-254
-220
-220
-185
-184
-150
-148
-114
-38
-37
-2
-1
35
37
73
75
109
111
145
147
181
183
216
218
643
645
641
642
637
639
627
631
619
620
609
609
593
597
578
581
488
490
511
513
533
536
553
556
571
573
587
592
602
605
613
616
623
627
633
635
638
641
641
644
644
646
643
646
640
642
637
639
90
90
51
51
15
14
-22
-22
-59
-60
-94
-97
-131
-133
-168
-169
-203
-205
-239
-240
-272
-275
-305
-307
-338
-340
-368
-371
-398
-400
-427
-429
-453
-456
-477
-481
-504
-505
-526
-528
-545
-549
-565
-568
-581
-583
-598
-599
-610
-612
-620
-623
-631
-631
-637
-638
-643
-643
-645
-645
-645
-646
-642
-645
-640
-640
-634
-635
-626
-627
-615
-616
-603
-605
-589
-591
-574
-574
-555
-556
-534
-537
-514
-514
-490
-491
-465
-465
-440
-439
-410
-411
-381
-381
-351
-351
-320
-320
-287
-286
-252
-252
-218
-219
-182
-183
-147
-146
-111
-110
-74
-73
-37
-37
1
2
39
38
75
75
112
112
148
149
183
185
219
220
254
255
287
288
319
321
352
352
381
383
411
412
437
440
465
468
488
492
512
515
534
536
554
557
571
574
588
590
603
604
613
617
623
627
632
635
638
641
642
643
643
645
642
644
639
642
634
637
629
630
620
621
608
609
594
596
580
581
563
564
544
545
523
525
501
503
477
479
451
453
424
425
396
397
366
367
334
336
302
304
269
269
234
235
201
201
164
164
127
129
91
92
55
55
18
17
-20
-20
-57
-56
-93
-93
-131
-130
-166
-168
-202
-202
-238
-238
-271
-273
-304
-305
-336
-337
-368
-369
-398
-400
-426
-427
-453
-455
-479
-480
-503
-504
-526
-527
-546
-548
-566
-567
-583
-583
-597
-599
-610
-613
-622
-623
-631
-632
-637
-639
-642
-644
-645
-646
-646
-646
0
1
-1
-1
0
0
-1
-2
0
0
0
1
-2
-1
0
0
-1
0
0
0
-1
1
0
0
0
1
-1
1
0
-1
0
1
1
0
0
0
-1
1
0
1
-1
-1
0
-1
0
0
0
0
-1
0
0
0
0
0
0
1
1
0
0
0
1
0
0
0
0
-1
0
1
0
-1
0
0
-1
0
0
0
-1
0
-1
-1
0
0
0
-1
1
-1
1
-1
0
0
1
0
0
-1
0
-1
1
-1
-1
0
-1
-1
1
0
-1
0
0
-1
0
-2
0
0
1
-1
-1
0
-1
-1
1
0
0
0
-1
0
0
1
0
2
2
0
-1
0
