1651 9 80008ca0 0 2710 9
613
610
612
608
609
605
603
601
595
593
585
582
571
568
555
551
536
533
517
514
493
490
469
467
444
-141
413
411
384
384
354
352
316
315
281
279
245
243
209
206
167
166
130
129
91
90
51
50
10
10
-31
-30
-71
-69
-111
-109
-151
-148
-188
-187
-225
-224
-264
-262
-297
-298
-334
-330
-366
-364
-399
-396
-428
-424
-456
-453
-482
-478
-506
-503
-528
-524
-546
-542
-564
-560
-579
-575
-592
-588
-600
-597
-608
-603
-611
-608
-614
-611
-614
-609
-610
-606
-605
-600
-594
-591
-583
-580
-569
-567
-554
-551
-534
-532
-516
-513
-492
-492
-466
-463
-439
-438
-412
-410
-381
-378
-348
-349
-316
-314
-280
-281
-244
-242
-207
-207
-168
-168
-130
-129
-89
-91
-50
-51
-9
-10
30
30
72
71
109
111
150
148
187
188
226
224
263
260
298
298
332
332
366
364
397
396
426
424
455
454
480
478
506
503
527
525
545
541
562
560
578
575
591
587
598
597
607
603
613
608
614
612
614
610
611
607
605
601
598
593
586
583
572
569
556
553
538
534
518
515
496
491
471
467
444
440
414
410
384
382
351
349
316
315
282
281
245
245
208
207
170
169
129
129
89
90
49
51
11
10
-30
-30
-71
-70
-110
-109
-150
-148
-189
-186
-226
-224
-263
-262
-300
-298
-335
-332
-368
-365
-398
-396
-429
-426
-456
-453
-483
-478
-506
-503
-528
-524
-547
-545
-565
-562
-580
-577
-592
-589
-602
-599
-609
-607
-614
-610
-614
-612
-615
-611
-611
-609
-606
-603
-598
-595
-587
-583
-573
-569
-556
-553
-539
-535
-517
-515
-496
-491
-469
-466
-441
-440
-413
-412
-382
-381
-349
-347
-316
-314
-281
-280
-243
-243
-206
-206
-169
-169
-130
-129
-90
-90
-50
-48
-9
-10
30
30
71
69
110
109
150
149
187
188
227
225
263
262
298
297
335
332
367
365
398
395
429
426
457
454
484
481
508
504
528
526
548
545
567
564
581
576
590
588
601
600
611
606
615
611
616
613
616
613
612
610
607
604
599
596
588
583
576
572
557
556
538
537
519
516
493
492
471
470
443
442
414
413
385
382
350
349
317
316
283
281
246
244
208
205
168
169
131
131
91
91
50
51
10
10
-31
-30
-72
-71
-112
-110
-150
-148
-190
-188
-227
-226
-264
-261
-300
-297
-334
-331
-368
-366
-398
-397
-430
-427
-458
-454
-484
-482
-508
-505
-531
-526
-548
-547
-566
-564
-582
-577
-594
-591
-604
-600
-608
-606
-614
-611
-617
-615
-616
-615
-613
-611
-607
-603
-598
-596
-589
-584
-574
-570
-557
-556
-539
-537
-518
-517
-496
-493
-469
-467
-438
-438
-412
-408
-382
-379
-348
-347
-313
-313
-279
-277
-243
-241
-205
-204
-166
-166
-127
-126
-87
-87
-47
-47
-7
-6
33
33
74
73
114
114
154
154
194
191
231
229
269
266
303
303
338
336
372
370
402
401
432
430
459
456
486
482
509
506
530
528
551
547
567
565
583
580
595
591
608
604
612
610
616
614
618
614
616
613
614
611
608
606
600
597
587
585
574
573
558
557
541
539
522
520
498
494
476
473
452
450
420
419
389
386
352
350
317
318
282
282
246
246
209
210
170
169
131
130
89
89
51
51
11
10
-32
-31
-70
-70
-110
-110
-150
-149
-189
-189
-227
-225
-264
-262
-300
-298
-336
-333
-368
-366
-399
-398
-430
-427
-457
-456
-485
-483
-509
-506
-531
-528
-550
-547
-566
-566
-583
-580
-594
-592
-604
-602
-610
-606
-616
-611
-618
-616
-619
-617
-613
-609
-608
-605
-600
-598
-590
-586
-574
-573
-560
-557
-542
-537
-520
-517
-498
-495
-470
-466
-444
-441
-417
-413
-385
-384
-353
-351
-319
-317
-283
-280
-247
-245
-208
-208
-171
-171
-132
-130
-92
-91
-51
-51
-11
-10
30
30
70
69
110
111
151
150
189
188
228
225
264
263
301
299
336
334
368
367
400
399
430
429
461
459
486
482
510
505
532
529
552
549
569
565
583
580
596
593
606
603
611
609
619
614
619
618
618
614
615
612
609
606
601
598
590
588
576
573
558
557
541
540
521
518
497
493
472
471
445
444
413
414
385
384
352
351
317
317
283
282
247
245
208
209
170
168
129
130
90
89
51
50
9
10
-31
-31
-71
-72
-112
-110
-153
-150
-191
-189
-227
-226
-265
-263
-302
-301
-335
-335
-369
-367
-401
-398
-431
-429
-458
-457
-485
-483
-510
-507
-532
-528
-552
-549
-568
-567
-585
-580
-597
-593
-604
-602
-613
-610
-617
-614
-620
-618
-617
-613
-614
-611
-609
-606
-601
-597
-590
-588
-577
-572
-560
-558
-543
-538
-520
-518
-499
-496
-472
-468
-444
-441
-417
-413
-385
-383
-352
-349
-317
-315
-280
-278
-245
-243
-208
-204
-168
-167
-131
-130
-92
-90
-51
-49
-11
-12
31
31
72
72
113
114
153
152
192
191
230
229
265
265
302
301
336
335
370
369
403
400
431
429
460
458
486
485
511
508
532
531
556
553
572
569
585
582
598
594
606
604
615
610
618
615
621
618
620
617
618
616
611
609
601
598
590
588
577
576
561
560
542
541
520
520
498
496
474
474
450
448
419
417
388
388
357
355
321
320
285
285
249
250
210
210
170
173
131
133
92
92
52
53
13
12
-28
-28
-69
-69
-111
-109
-150
-149
-189
-187
-226
-225
-263
-262
-300
-299
-336
-333
-368
-363
-402
-396
-433
-430
-461
-458
-489
-485
-512
-508
-535
-530
-554
-549
-571
-567
-586
-582
-599
-595
-608
-607
-615
-612
-619
-615
-622
-618
-622
-617
-618
-615
-612
-606
-603
-600
-592
-590
-578
-574
-563
-558
-544
-540
-523
-520
-499
-496
-472
-471
-446
-444
-418
-415
-387
-384
-354
-351
-320
-318
-284
-284
-247
-246
-210
-207
-171
-171
-132
-131
-92
-91
-52
-51
-10
-9
30
30
71
72
112
111
152
150
190
189
228
227
265
265
302
300
335
334
369
368
401
400
431
431
459
457
487
485
510
508
532
529
552
550
569
567
585
581
598
594
608
605
614
612
619
617
621
619
622
618
618
615
611
608
604
602
593
591
579
574
562
559
544
542
525
522
501
499
477
475
449
446
420
415
387
386
355
353
322
320
285
282
247
247
209
208
172
170
132
132
92
91
51
49
9
10
-31
-31
-72
-71
-112
-112
-152
-151
-191
-189
-229
-228
-268
-265
-303
-302
-338
-337
-372
-370
-404
-402
-434
-430
-462
-460
-488
-486
-515
-510
-536
-532
-556
-553
-571
-568
-588
-584
-600
-597
-609
-606
-617
-615
-621
-619
-623
-621
-623
-619
-619
-616
-613
-611
-606
-601
-594
-591
-580
-576
-565
-561
-544
-541
-525
-521
-501
-499
-473
-471
-447
-445
-420
-417
-387
-385
-354
-354
-322
-318
-286
-282
-248
-246
-211
-209
-173
-172
-132
-133
-93
-92
-52
-52
-12
-11
28
30
70
70
111
110
150
149
189
187
228
226
266
265
301
301
338
335
372
369
404
401
435
430
462
459
487
485
512
509
536
532
553
551
573
569
586
581
599
594
610
606
616
612
622
617
623
620
623
619
620
616
615
611
605
602
595
590
580
576
566
562
545
544
523
521
501
498
478
476
451
448
417
415
388
385
355
352
321
319
285
284
249
248
210
209
172
170
132
132
90
92
50
52
10
11
-31
-30
-72
-71
-112
-111
-152
-152
-191
-190
-230
-227
-266
-264
-304
-300
-338
-336
-371
-369
-403
-401
-433
-430
-460
-458
-486
-484
-509
-508
-532
-529
-554
-548
-570
-567
-586
-582
-600
-597
-606
-604
-617
-614
-619
-617
-622
-620
-622
-618
-620
-617
-613
-612
-606
-603
-595
-593
-581
-578
-567
-563
-546
-544
-526
-522
-503
-501
-476
-473
-445
-443
-416
-416
-387
-385
-353
-352
-319
-317
-283
-282
-247
-244
-209
-208
-170
-168
-131
-128
-92
-89
-50
-48
-8
-8
32
35
73
73
115
114
155
154
194
192
233
231
271
267
306
305
340
339
374
373
407
406
435
435
465
463
492
489
517
514
539
536
556
552
573
570
586
586
600
598
610
607
616
613
622
620
624
621
623
620
619
618
614
611
605
603
593
591
580
577
565
563
548
546
525
524
505
503
479
477
451
450
424
423
389
387
356
356
323
320
284
285
247
248
211
209
170
171
132
131
92
90
50
50
9
10
-32
-32
-74
-71
-113
-112
-153
-151
-192
-189
-232
-228
-268
-268
-303
-302
-340
-336
-374
-371
-405
-403
-435
-435
-464
-461
-492
-488
-517
-513
-538
-534
-558
-554
-576
-570
-591
-587
-604
-602
-613
-610
-620
-615
-626
-621
-628
-624
-625
-624
-625
-621
-618
-614
-609
-605
-597
-594
-584
-581
-568
-565
-550
-546
-528
-525
-504
-503
-478
-475
-449
-446
-422
-420
-390
-388
-357
-355
-324
-322
-288
-286
-250
-249
-211
-212
-173
-174
-134
-131
-94
-93
-52
-52
-11
-12
30
31
72
71
112
111
153
151
193
192
231
229
268
266
304
301
340
337
374
370
407
403
436
433
464
462
491
489
517
514
537
535
557
556
575
573
590
588
603
602
611
610
619
617
624
622
627
624
624
624
622
620
617
614
608
606
596
594
583
579
567
564
546
544
528
525
502
501
477
476
453
451
421
419
386
385
354
354
322
319
286
285
249
247
212
210
172
172
132
130
91
92
50
51
11
12
-32
-31
-72
-72
-112
-112
-154
-151
-192
-190
-230
-229
-268
-266
-305
-303
-341
-338
-374
-372
-406
-403
-437
-434
-464
-462
-491
-488
-515
-513
-538
-536
-557
-555
-575
-573
-591
-587
-603
-601
-615
-610
-620
-618
-626
-623
-629
-624
-627
-623
-623
-619
-618
-614
-608
-606
-597
-595
-584
-583
-568
-564
-549
-546
-528
-526
-505
-503
-477
-475
-451
-448
-423
-420
-389
-388
-358
-358
-323
-322
-288
-287
-250
-249
-213
-211
-173
-171
-133
-132
-95
-91
-53
-51
-12
-11
29
30
72
71
111
111
151
153
192
192
232
229
269
266
305
304
341
338
374
372
407
403
437
435
465
463
493
489
517
513
539
536
559
556
578
573
590
589
603
600
614
611
621
618
624
622
629
624
628
625
623
620
619
616
610
606
599
596
585
583
568
566
548
547
529
525
506
501
482
479
452
450
422
421
390
388
359
357
323
321
285
284
251
248
211
211
172
173
133
131
93
93
51
52
10
11
-33
-31
-72
-71
-113
-112
-153
-151
-192
-190
-231
-231
-270
-269
-305
-304
-341
-338
-375
-372
-407
-404
-438
-435
-466
-465
-493
-490
-517
-512
-538
-536
-560
-556
-577
-573
-593
-588
-603
-602
-615
-611
-621
-619
-628
-622
-629
-625
-628
-624
-626
-622
-620
-615
-610
-164
-600
-595
-587
-582
-569
-566
-552
-547
-530
-525
-505
-504
-479
-475
-450
-447
-424
-420
-392
-389
-359
-357
-325
-321
-288
-285
-251
-248
-213
-212
-173
-173
-133
-133
-93
-93
-52
-52
-12
-11
29
31
70
72
111
109
152
151
192
191
230
230
269
267
306
304
342
338
374
373
408
403
438
435
465
464
495
491
517
515
540
539
560
557
578
575
593
588
607
603
616
615
623
619
629
625
631
627
630
627
627
624
619
618
611
609
600
598
587
583
571
568
551
549
529
526
505
504
482
480
452
451
424
422
392
390
360
358
324
323
289
286
252
251
210
210
172
172
132
134
92
92
52
53
10
11
-31
-29
-72
-71
-112
-111
-154
-151
-194
-191
-233
-231
-271
-269
-307
-305
-341
-341
-377
-373
-409
-405
-438
-437
-468
-465
-495
-491
-520
-516
-542
-539
-561
-558
-579
-576
-594
-590
-605
-603
-616
-615
-624
-620
-629
-624
-630
-628
-629
-627
-627
-623
-622
-616
-611
-608
-600
-597
-586
-585
-570
-568
-551
-548
-530
-527
-507
-505
-480
-478
-449
-447
-418
-415
-386
-385
-358
-357
-322
-319
-286
-285
-249
-249
-211
-208
-173
-171
-134
-132
-95
-92
-50
-52
-10
-10
30
31
71
71
112
112
153
153
192
191
232
229
269
268
306
305
341
341
374
373
406
406
437
437
466
465
494
492
518
516
543
538
562
558
578
576
595
592
605
604
617
613
625
621
628
626
631
628
629
628
625
624
621
617
612
609
601
599
587
585
569
569
552
551
531
528
506
505
483
482
456
456
426
425
393
391
359
359
324
324
288
288
252
250
212
212
174
175
134
134
90
90
50
50
11
11
-30
-30
-74
-72
-112
-113
-154
-153
-193
-192
-232
-232
-272
-269
-309
-305
-344
-341
-379
-374
-410
-405
-440
-437
-470
-466
-496
-493
-521
-516
-544
-538
-564
-559
-582
-576
-597
-592
-609
-605
-619
-615
-627
-623
-631
-627
-634
-628
-633
-628
-628
-625
-623
-619
-613
-611
-601
-599
-587
-584
-572
-567
-552
-548
-529
-527
-506
-506
-480
-477
-451
-447
-421
-419
-391
-387
-355
-354
-322
-320
-286
-284
-248
-245
-209
-208
-170
-169
-131
-130
-89
-87
-49
-46
-6
-5
36
36
76
76
116
117
157
157
197
197
237
235
274
274
310
310
346
344
380
379
415
410
444
442
472
469
499
496
524
522
546
543
565
563
582
581
598
596
608
605
619
615
626
624
630
628
632
629
633
629
628
626
625
622
615
614
606
604
591
589
577
576
560
558
535
532
512
508
488
486
457
455
430
428
397
394
363
358
329
327
293
292
253
253
213
214
174
173
135
134
92
93
55
54
11
11
-32
-32
-73
-70
-114
-111
-150
-149
-192
-191
-233
-231
-271
-268
-307
-305
-342
-340
-377
-375
-409
-407
-439
-438
-469
-468
-497
-494
-521
-518
-543
-540
-563
-561
-581
-579
-597
-595
-609
-606
-620
-616
-626
-624
-632
-629
-634
-632
-632
-630
-630
-626
-624
-621
-616
-613
-602
-600
-590
-587
-572
-571
-555
-551
-532
-530
-510
-508
-484
-481
-452
-449
-424
-422
-392
-389
-360
-358
-323
-323
-286
-287
-250
-250
-211
-210
-172
-170
-132
-131
-90
-90
-51
-50
-10
-10
33
31
73
72
114
112
152
152
193
193
233
231
272
268
309
305
345
342
377
375
410
407
441
437
468
465
497
494
522
519
543
540
563
560
581
578
597
593
609
606
619
617
626
622
633
629
634
628
632
629
630
626
623
620
613
613
603
600
590
586
572
571
552
551
532
530
507
505
482
482
456
455
426
424
394
392
362
358
326
323
289
288
252
251
215
212
175
173
133
133
92
91
53
52
9
9
-33
-31
-71
-69
-115
-112
-155
-155
-194
-194
-233
-230
-271
-270
-309
-306
-344
-341
-377
-376
-410
-407
-441
-437
-470
-468
-497
-495
-521
-519
-544
-542
-566
-562
-582
-579
-598
-593
-610
-607
-621
-617
-629
-626
-633
-630
-635
-632
-636
-630
-632
-627
-626
-622
-617
-612
-605
-601
-591
-588
-574
-572
-556
-552
-535
-531
-511
-511
-484
-481
-457
-453
-427
-424
-395
-392
-363
-361
-328
-327
-292
-291
-254
-252
-217
-214
-176
-175
-135
-135
-96
-94
-52
-50
-11
-10
31
30
73
70
114
113
153
153
193
192
233
230
271
269
309
306
342
340
377
376
411
409
441
440
470
468
497
495
520
520
544
540
564
562
583
580
598
595
608
606
619
617
628
624
633
630
633
632
634
632
632
628
624
622
616
612
604
601
590
587
575
572
556
551
532
531
510
507
484
482
457
455
425
426
394
394
361
361
327
327
289
289
252
252
214
215
175
175
133
134
92
94
51
52
9
11
-31
-30
-72
-73
-115
-113
-154
-152
-193
-191
-235
-233
-273
-270
-310
-307
-345
-342
-379
-375
-412
-408
-441
-439
-473
-467
-498
-495
-523
-520
-545
-542
-566
-562
-583
-580
-599
-595
-612
-608
-621
-618
-629
-626
-635
-630
-637
-632
-636
-631
-634
-630
-627
-623
-618
-614
-608
-603
-592
-589
-576
-571
-558
-553
-534
-532
-513
-507
-485
-480
-455
-454
-428
-426
-397
-393
-363
-361
-328
-326
-292
-289
-255
-252
-216
-215
-176
-174
-135
-134
-93
-94
-53
-52
-11
-10
30
30
71
73
114
114
154
153
195
193
235
233
272
271
309
309
345
342
379
376
412
409
442
442
472
470
499
497
525
522
546
544
567
565
585
583
599
598
613
610
622
619
629
628
636
632
637
635
638
634
633
630
626
626
618
616
609
604
591
590
575
573
556
555
535
533
510
509
486
484
462
461
430
429
397
397
362
361
327
325
291
290
252
253
213
213
174
173
133
133
91
92
51
52
10
11
-32
-31
-75
-73
-116
-116
-157
-154
-196
-194
-237
-233
-272
-271
-310
-307
-349
-346
-380
-378
-414
-412
-445
-443
-475
-472
-502
-496
-525
-521
-549
-545
-568
-565
-587
-582
-603
-600
-614
-611
-624
-622
-631
-629
-637
-633
-637
-633
-637
-633
-634
-631
-628
-624
-620
-616
-607
-604
-594
-591
-577
-573
-559
-555
-538
-534
-515
-512
-488
-484
-455
-453
-429
-425
-397
-396
-364
-362
-329
-327
-293
-291
-254
-253
-216
-215
-176
-176
-137
-136
-95
-93
-53
-54
-12
-10
32
32
75
74
116
116
159
159
200
199
236
236
275
272
314
312
351
347
384
382
415
412
444
443
475
474
502
500
527
524
552
548
570
568
588
587
604
600
617
613
627
623
634
630
638
635
641
638
641
638
636
634
629
628
621
619
611
609
598
595
580
577
560
558
539
537
513
511
491
489
462
460
432
431
402
400
366
365
332
331
293
293
255
255
216
217
175
176
136
136
93
94
54
55
14
14
-29
-28
-72
-71
-114
-112
-153
-154
-195
-193
-234
-232
-272
-270
-308
-307
-346
-344
-379
-375
-411
-408
-445
-445
-476
-473
-503
-501
-527
-524
-547
-546
-570
-565
-587
-582
-602
-599
-615
-611
-623
-619
-632
-628
-636
-633
-640
-633
-639
-635
-635
-630
-629
-623
-618
-615
-607
-602
-592
-589
-575
-572
-557
-553
-535
-532
-509
-509
-483
-480
-454
-451
-425
-424
-393
-393
-362
-358
-327
-323
-286
-285
-251
-248
-211
-208
-170
-169
-130
-129
-89
-87
-49
-48
-6
-7
36
37
78
79
119
118
159
159
201
199
240
239
278
277
315
314
351
348
386
385
418
415
449
446
478
476
505
503
530
528
554
551
574
570
591
590
605
602
616
613
628
624
635
631
639
636
640
638
639
635
636
631
630
627
621
617
609
607
598
596
580
579
560
559
541
537
518
516
492
489
461
460
431
428
398
396
365
362
329
328
293
291
254
255
215
215
175
175
134
134
95
93
52
52
10
11
-33
-32
-73
-73
-114
-115
-156
-156
-197
-195
-235
-235
-274
-273
-310
-309
-348
-347
-383
-380
-416
-412
-446
-443
-478
-475
-504
-502
-528
-525
-551
-548
-570
-567
-589
-586
-605
-600
-615
-613
-627
-624
-635
-632
-640
-636
-642
-637
-641
-637
-636
-634
-632
-627
-623
-620
-610
-607
-597
-592
-580
-577
-562
-557
-539
-536
-516
-513
-488
-485
-459
-456
-432
-429
-399
-398
-367
-363
-330
-328
-293
-292
-256
-255
-218
-214
-178
-176
-136
-134
-93
-95
-51
-52
-10
-11
30
32
73
72
116
114
156
155
196
194
236
234
273
272
310
309
347
345
383
380
415
412
446
444
474
472
501
498
528
524
548
546
569
567
587
584
603
600
615
612
626
623
633
632
637
635
641
638
640
636
636
632
629
627
621
617
611
607
596
593
579
576
558
557
537
534
515
512
491
487
460
458
430
427
398
396
365
363
329
328
292
291
254
253
216
215
176
174
135
135
95
93
52
53
10
11
-33
-32
-74
-73
-115
-114
-156
-155
-197
-196
-237
-236
-275
-274
-313
-311
-349
-347
-384
-381
-416
-413
-448
-446
-477
-475
-503
-500
-531
-526
-554
-550
-574
-568
-590
-586
-606
-603
-619
-614
-630
-624
-635
-632
-641
-638
-644
-639
-642
-638
-638
-636
-634
-628
-623
-622
-612
-609
-597
-594
-581
-579
-563
-560
-541
-538
-518
-514
-490
-487
-461
-459
-433
-430
-400
-400
-368
-365
-332
-331
-293
-293
-256
-255
-218
-216
-177
-176
-135
-136
-96
-93
-53
-53
-11
-12
32
31
74
74
115
114
157
156
196
197
236
235
274
274
313
312
349
346
384
381
417
415
447
445
477
476
503
501
529
526
552
548
572
568
589
585
604
602
618
613
628
624
635
632
640
637
641
639
641
637
637
635
632
630
622
620
611
608
596
594
581
577
562
560
539
538
516
513
490
488
462
460
431
428
399
397
366
363
329
328
292
290
253
252
215
214
176
174
134
134
93
92
50
51
9
9
-33
-33
-75
-74
-117
-116
-156
-157
-197
-197
-239
-237
-277
-275
-314
-313
-350
-348
-385
-382
-416
-416
-448
-447
-478
-476
-505
-503
-531
-528
-553
-552
-572
-570
-591
-587
-608
-607
-621
-618
-630
-627
-636
-633
-642
-640
-645
-641
-644
-641
-640
-639
-634
-632
-625
-622
-612
-612
-599
-598
-584
-582
-565
-562
-543
-540
-518
-516
-490
-488
-463
-460
-434
-432
-401
-398
-367
-366
-331
-331
-296
-292
-255
-255
-217
-218
-177
-178
-137
-136
-95
-95
-52
-54
-10
-12
32
31
74
71
116
114
156
156
197
195
238
235
276
274
-252
-251
-225
-224
-194
-195
-163
-162
-135
-134
-105
-104
-72
-72
-38
-40
-7
-9
24
23
55
55
87
86
120
438
150
147
180
178
210
210
238
236
265
262
290
289
318
316
340
338
362
361
382
381
403
400
420
417
435
433
449
447
463
459
472
470
478
474
485
481
488
487
490
486
488
487
487
484
483
479
474
472
466
463
457
454
444
442
429
427
412
410
395
393
375
373
353
349
328
326
305
301
278
276
251
249
224
222
193
193
163
162
134
133
105
103
73
73
40
43
9
10
-21
-22
-55
-54
-86
-86
-117
-116
-149
-149
-178
-176
-210
-209
-238
-236
-266
-265
-292
-290
-318
-316
-341
-338
-362
-361
-387
-384
-405
-401
-421
-418
-435
-433
-450
-448
-462
-460
-472
-470
-482
-478
-486
-484
-488
-488
-490
-489
-491
-487
-489
-486
-484
-482
-476
-475
-466
-464
-457
-455
-445
-444
-431
-428
-414
-413
-392
-392
-375
-373
-352
-353
-330
-328
-306
-305
-279
-280
-252
-252
-225
-224
-196
-196
-166
-167
-135
-135
-104
-103
-73
-73
-40
-41
-9
-8
23
23
55
54
89
86
121
118
149
149
181
177
209
208
238
236
264
264
291
289
318
316
342
339
364
361
384
380
405
400
421
419
438
433
451
447
462
460
473
469
479
477
485
483
490
487
491
488
490
485
488
484
484
480
476
473
467
465
457
454
444
442
430
426
412
411
397
396
379
376
355
351
329
327
306
305
278
276
252
250
224
220
193
193
165
164
134
133
107
106
73
71
39
39
6
7
-23
-23
-55
-56
-87
-87
-120
-119
-151
-150
-182
-180
-211
-210
-239
-238
-264
-265
-293
-293
-319
-318
-343
-341
-364
-362
-386
-385
-406
-404
-422
-421
-438
-437
-451
-450
-464
-463
-473
-471
-481
-480
-488
-486
-491
-490
-493
-490
-492
-489
-491
-488
-486
-485
-478
-477
-471
-470
-460
-457
-447
-446
-431
-430
-416
-414
-396
-395
-376
-374
-350
-351
-328
-328
-305
-303
-279
-277
-253
-252
-224
-224
-197
-196
-168
-168
-137
-137
-106
-107
-74
-74
-42
-42
-7
-9
23
21
55
54
86
86
119
117
150
148
180
178
210
209
238
237
265
264
293
290
319
317
343
339
366
361
386
382
404
402
422
419
437
433
452
449
464
461
472
470
482
477
488
484
491
488
492
489
492
487
489
485
485
479
477
472
469
466
459
456
445
442
430
427
415
411
397
393
380
376
358
356
334
332
311
308
283
282
254
253
226
224
197
196
164
164
135
133
105
103
72
69
41
41
7
8
-26
-26
-57
-58
-90
-88
-118
-119
-152
-151
-181
-180
-210
-209
-238
-238
-267
-266
-294
-291
-318
-319
-343
-342
-365
-364
-387
-386
-405
-402
-422
-420
-438
-437
-453
-450
-464
-462
-475
-472
-482
-481
-489
-487
-494
-489
-494
-492
-494
-492
-491
-489
-485
-483
-480
-477
-472
-471
-458
-457
-447
-445
-434
-431
-417
-414
-398
-398
-377
-376
-356
-355
-333
-333
-307
-308
-283
-283
-257
-256
-228
-227
-197
-197
-168
-169
-137
-137
-107
-106
-75
-75
-43
-42
-10
-11
25
24
54
54
86
86
119
116
151
150
180
177
210
207
238
235
266
264
293
291
317
315
343
339
365
361
385
384
406
403
422
421
440
438
453
451
463
462
475
471
483
480
489
485
490
489
492
492
494
490
491
488
485
483
481
476
470
467
459
457
447
444
431
428
415
412
397
395
381
379
359
355
333
330
308
305
282
281
255
253
225
225
197
196
164
165
134
134
104
103
70
71
42
40
8
6
-25
-26
-54
-55
-88
-91
-123
-123
-152
-152
-182
-182
-212
-211
-242
-242
-269
-269
-294
-293
-322
-320
-345
-345
-367
-367
-387
-387
-408
-407
-426
-424
-441
-440
-455
-453
-467
-465
-477
-476
-484
-482
-491
-488
-496
-493
-496
-494
-494
-493
-492
-492
-488
-487
-483
-479
-472
-472
-461
-458
-449
-448
-434
-432
-417
-416
-398
-399
-378
-377
-355
-357
-332
-332
-309
-308
-282
-283
-255
-256
-227
-227
-199
-200
-167
-169
-137
-137
-107
-107
-75
-75
-41
-41
-9
-9
21
22
55
55
89
86
121
117
151
147
182
179
212
210
239
237
266
264
297
294
323
321
348
344
368
367
388
386
408
407
427
424
444
440
457
453
468
464
475
471
485
480
492
490
497
493
498
496
497
494
494
491
490
488
484
480
473
471
463
460
447
445
433
430
419
415
399
397
383
380
360
359
336
334
314
311
287
284
260
256
231
230
200
198
168
169
139
139
108
106
76
75
43
43
10
10
-22
-22
-56
-56
-88
-87
-118
-117
-151
-149
-184
-182
-208
-209
-237
-237
-269
-266
-295
-292
-319
-318
-342
-341
-366
-365
-389
-387
-404
-403
-423
-422
-441
-438
-453
-450
-466
-462
-475
-474
-483
-481
-489
-487
-494
-493
-494
-490
-491
-489
-490
-487
-487
-483
-480
-477
-472
-469
-461
-458
-447
-444
-434
-432
-418
-416
-401
-398
-379
-376
-357
-356
-333
-333
-312
-309
-283
-283
-253
-253
-229
-228
-198
-199
-170
-170
-136
-138
-106
-105
-75
-75
-42
-43
-10
-11
23
21
55
53
86
86
119
118
153
152
181
179
211
208
240
237
266
264
296
293
319
319
344
342
366
365
387
386
407
406
425
422
441
439
456
452
470
467
477
475
483
481
492
489
494
492
496
494
496
492
493
490
489
486
483
479
472
470
464
461
450
449
434
433
418
416
398
397
384
381
362
360
339
336
311
310
285
285
258
257
229
226
197
197
167
168
136
135
104
104
72
73
40
41
6
8
-23
-23
-57
-57
-89
-88
-121
-120
-153
-152
-184
-182
-210
-210
-245
-241
-272
-270
-298
-297
-325
-321
-348
-344
-370
-368
-391
-389
-410
-407
-427
-426
-444
-441
-459
-455
-471
-468
-480
-478
-489
-485
-494
-493
-497
-496
-502
-497
-500
-497
-496
-495
-493
-491
-484
-481
-477
-473
-466
-463
-451
-450
-438
-434
-419
-418
-402
-399
-380
-376
-357
-355
-336
-333
-312
-310
-285
-284
-258
-256
-228
-228
-201
-199
-170
-170
-138
-138
-107
-107
-75
-73
-41
-41
-11
-9
21
23
56
56
89
88
120
118
150
149
183
181
211
210
242
241
268
267
297
296
323
322
346
343
369
367
392
389
410
408
426
424
443
439
456
454
469
466
479
475
487
484
493
490
496
494
498
495
498
497
494
492
490
487
483
481
475
471
464
461
449
447
435
433
419
417
400
397
381
378
358
358
336
332
310
307
283
282
257
255
229
227
199
196
170
167
139
136
106
106
71
73
42
41
9
9
-25
-25
-55
-56
-89
-89
-121
-120
-152
-150
-182
-183
-211
-210
-242
-242
-268
-269
-297
-296
-323
-322
-346
-346
-370
-368
-391
-390
-410
-410
-429
-427
-445
-443
-457
-456
-471
-470
-481
-479
-489
-486
-493
-491
-498
-497
-500
-499
-499
-498
-496
-495
-492
-489
-486
-483
-476
-472
-465
-463
-452
-452
-436
-437
-419
-418
-402
-402
-379
-378
-360
-359
-337
-336
-309
-310
-286
-286
-258
-257
-228
-226
-199
-201
-169
-168
-137
-137
-105
-107
-73
-75
-41
-41
-8
-10
26
24
56
56
88
88
121
122
152
151
184
181
216
213
243
242
271
268
298
294
324
323
347
344
371
367
392
389
412
410
429
425
442
441
461
457
471
468
481
477
488
484
494
491
499
495
498
494
498
496
498
494
492
488
484
479
478
473
466
463
451
449
437
433
420
416
402
398
382
379
358
358
337
334
310
307
284
282
258
255
229
229
198
197
169
167
136
136
106
104
74
72
40
39
8
8
-24
-25
-58
-58
-89
-89
-121
-121
-153
-154
-183
-182
-215
-214
-243
-243
-272
-270
-299
-298
-324
-322
-346
-344
-370
-369
-395
-393
-410
-411
-429
-429
-447
-444
-459
-458
-470
-470
-482
-480
-489
-488
-495
-493
-497
-496
-502
-499
-501
-499
-497
-495
-493
-491
-486
-484
-478
-475
-466
-464
-455
-451
-438
-438
-422
-421
-402
-402
-380
-380
-362
-360
-337
-337
-313
-310
-287
-286
-258
-257
-232
-230
-201
-199
-170
-170
-139
-140
-105
-105
-74
-75
-42
-43
-8
-7
26
25
56
54
88
88
122
120
152
152
183
182
215
212
243
244
271
270
298
296
323
323
349
348
372
368
394
391
411
409
430
426
447
443
461
458
474
471
483
480
490
485
496
493
503
498
502
498
502
498
498
493
494
490
488
483
477
474
467
464
455
450
438
435
422
419
404
403
385
381
361
358
337
334
310
310
285
284
258
256
229
227
200
200
169
167
136
134
106
104
75
73
40
40
7
8
-25
-26
-57
-59
-91
-89
-122
-123
-153
-153
-184
-184
-215
-215
-243
-243
-273
-270
-299
-298
-325
-324
-349
-349
-372
-371
-394
-391
-412
-412
-433
-430
-444
-443
-460
-459
-472
-471
-483
-482
-491
-490
-495
-493
-501
-501
-503
-505
-502
-500
-499
-497
-495
-493
-488
-486
-479
-476
-468
-467
-455
-452
-440
-438
-423
-423
-404
-404
-379
-381
-358
-357
-336
-336
-312
-313
-286
-287
-259
-258
-231
-230
-202
-201
-170
-169
-139
-140
-109
-108
-74
-76
-42
-44
-9
-10
25
25
56
55
88
87
120
120
154
150
183
182
214
213
243
241
272
268
299
294
324
321
350
345
372
368
394
389
416
412
434
430
449
443
463
455
474
470
484
480
491
486
498
496
502
498
503
498
503
498
499
496
494
491
489
485
482
479
469
464
455
451
441
437
422
420
403
400
387
383
364
361
338
335
314
310
287
284
258
257
231
230
202
199
169
168
137
138
105
106
73
73
40
40
9
8
-25
-25
-59
-59
-90
-91
-124
-123
-156
-156
-186
-185
-214
-215
-245
-243
-273
-273
-300
-300
-327
-324
-351
-349
-374
-372
-395
-394
-415
-414
-434
-433
-449
-446
-462
-460
-479
-474
-486
-482
-493
-491
-500
-499
-503
-501
-504
-502
-504
-502
-503
-500
-495
-494
-489
-487
-482
-479
-469
-468
-456
-455
-443
-439
-425
-422
-404
-401
-384
-380
-361
-361
-340
-338
-315
-313
-288
-288
-262
-261
-232
-230
-199
-201
-171
-173
-141
-141
-107
-108
-73
-73
-41
-41
-9
-9
25
23
58
55
89
88
124
120
154
154
185
182
217
213
246
243
274
270
299
298
325
324
351
347
374
372
397
393
420
416
437
433
451
448
465
463
480
476
490
486
494
490
501
495
504
500
506
503
504
501
503
500
499
495
491
487
480
478
472
470
458
455
442
440
426
422
408
403
387
386
364
362
341
338
315
313
289
287
260
260
230
229
202
201
170
169
138
-327
-179
-177
-214
-212
-249
-249
-282
-281
-316
-314
-350
-347
-378
-375
-406
-404
-432
-430
-457
-455
-479
-478
-501
-498
-518
-517
-535
-532
-549
-546
-561
-557
-570
-568
-578
-576
-583
-580
-584
-582
-583
-579
-578
-575
-572
-569
-564
-562
-554
-552
-541
-539
-525
-522
-509
-506
-491
-488
-470
-467
-442
-441
-418
-415
-391
-389
-360
-358
-332
-329
-296
-295
-265
-264
-233
-231
-196
-195
-160
-158
-122
-120
-85
-84
-46
-46
-8
-8
32
29
69
69
109
107
145
144
181
179
216
213
250
248
283
282
316
315
347
347
376
375
405
405
432
429
457
455
479
477
501
497
518
517
535
532
549
546
560
558
569
567
577
574
581
578
583
581
582
580
580
577
574
572
567
564
555
554
542
541
528
525
510
508
490
488
470
466
448
445
424
420
393
391
365
364
333
332
301
301
269
266
233
233
199
200
164
162
127
125
86
87
49
47
10
9
-29
-30
-67
-66
-104
-104
-142
-141
-179
-178
-214
-212
-250
-247
-283
-282
-317
-314
-349
-348
-376
-375
-407
-404
-435
-432
-458
-455
-479
-480
-501
-499
-519
-518
-536
-534
-551
-547
-562
-560
-571
-567
-577
-574
-584
-579
-586
-582
-584
-582
-580
-577
-575
-573
-568
-564
-557
-554
-545
-542
-530
-527
-512
-509
-492
-489
-471
-467
-445
-442
-418
-415
-392
-390
-362
-363
-333
-331
-301
-300
-267
-266
-232
-232
-198
-197
-160
-159
-123
-124
-86
-86
-48
-48
-9
-11
29
29
67
66
105
105
142
142
179
179
215
214
249
249
284
284
317
315
348
347
378
378
407
405
431
429
458
456
481
478
503
500
520
518
536
532
551
547
561
558
572
568
580
577
583
580
585
583
585
581
581
578
576
571
568
563
557
554
543
541
528
526
512
509
492
489
470
466
447
446
422
420
393
390
363
363
332
332
301
297
266
266
232
232
197
195
160
159
122
122
84
83
47
47
9
10
-30
-28
-68
-66
-107
-105
-143
-141
-179
-178
-216
-214
-251
-250
-285
-283
-319
-316
-350
-347
-379
-377
-408
-406
-434
-430
-458
-455
-483
-480
-505
-502
-522
-517
-538
-534
-552
-549
-565
-560
-574
-569
-579
-576
-584
-580
-586
-582
-585
-582
-583
-579
-577
-574
-570
-566
-557
-554
-545
-543
-531
-526
-513
-510
-494
-490
-471
-468
-445
-444
-421
-418
-395
-392
-365
-362
-335
-332
-301
-300
-268
-267
-233
-231
-199
-197
-161
-160
-124
-123
-87
-86
-49
-48
-9
-10
29
29
66
67
105
104
142
141
178
179
214
214
250
250
285
284
317
316
351
346
379
379
408
405
435
432
460
457
484
480
503
499
521
518
539
537
551
550
563
562
574
570
580
577
584
581
586
584
586
584
583
581
576
575
570
566
558
556
546
542
530
529
511
511
493
492
472
470
449
448
425
423
395
394
366
366
335
333
302
301
269
267
233
234
197
198
162
161
125
124
86
85
47
48
10
10
-30
-28
-68
-66
-107
-103
-142
-141
-180
-179
-216
-215
-252
-249
-286
-283
-318
-317
-350
-347
-380
-377
-409
-405
-436
-433
-461
-457
-482
-480
-502
-500
-522
-518
-541
-537
-554
-550
-564
-562
-575
-571
-583
-577
-587
-581
-589
-583
-586
-583
-584
-580
-578
-575
-571
-567
-561
-556
-547
-544
-532
-528
-513
-510
-493
-491
-473
-469
-445
-442
-416
-414
-391
-390
-363
-360
-332
-332
-301
-300
-265
-265
-229
-226
-193
-193
-156
-155
-121
-117
-80
-80
-45
-44
-9
-9
28
29
66
68
105
105
143
143
179
179
216
216
250
250
284
285
319
316
350
348
380
378
408
406
436
435
461
457
483
482
504
503
524
521
540
538
555
551
567
565
575
572
583
581
587
584
588
585
589
585
584
581
578
577
571
568
562
559
547
546
533
531
515
513
494
494
473
471
452
449
425
424
396
394
367
365
336
334
303
300
270
267
235
234
199
199
161
161
124
124
87
87
48
48
8
10
-29
-29
-66
-67
-104
-106
-143
-143
-179
-179
-216
-216
-252
-250
-285
-284
-319
-318
-350
-350
-381
-380
-410
-408
-436
-435
-461
-460
-484
-483
-505
-503
-524
-521
-540
-537
-554
-551
-567
-564
-579
-575
-584
-580
-588
-585
-590
-587
-588
-585
-584
-583
-579
-577
-571
-568
-560
-557
-548
-544
-533
-530
-513
-511
-495
-492
-472
-471
-446
-443
-420
-419
-395
-393
-367
-364
-335
-333
-304
-300
-269
-269
-233
-234
-198
-198
-164
-161
-125
-123
-86
-87
-48
-47
-9
-10
28
28
68
67
106
104
142
141
179
177
216
215
251
249
286
285
317
318
350
350
380
379
411
408
438
436
463
459
485
483
504
503
524
523
541
538
555
552
568
566
578
574
582
580
587
585
590
586
587
586
586
583
580
578
573
569
561
559
549
546
533
533
515
514
496
494
473
472
452
450
425
424
396
395
367
365
336
335
306
302
271
268
237
234
200
196
162
162
126
124
87
86
48
49
10
10
-29
-30
-67
-66
-106
-105
-144
-143
-180
-180
-216
-216
-251
-250
-288
-285
-321
-320
-352
-350
-383
-380
-411
-409
-439
-435
-464
-460
-486
-482
-507
-505
-525
-523
-542
-539
-556
-554
-569
-565
-578
-574
-583
-580
-588
-584
-441
-437
-457
-454
-471
-469
-483
-482
-494
-492
-501
-500
-509
-506
-514
-511
-513
-511
-513
-511
-511
-509
-506
-502
-496
-497
-489
-486
-478
-475
-464
-463
-447
-446
-431
-429
-415
-412
-391
-390
-367
-367
-344
-344
-319
-319
-290
-290
-264
-262
-235
-232
-205
-203
-174
-172
-141
-140
-108
-108
-73
-75
-40
-41
-6
-8
25
26
60
58
92
91
124
124
158
156
188
189
220
218
249
248
277
276
306
305
334
329
357
354
381
378
404
401
421
420
441
438
455
455
469
470
485
482
492
491
502
499
509
508
511
510
514
510
515
512
511
508
504
502
499
496
490
487
479
475
465
462
450
447
434
430
415
411
392
390
369
366
348
346
321
320
293
292
265
262
236
233
204
205
173
172
142
140
110
110
77
77
42
41
9
8
-24
-24
-59
-58
-92
-91
-126
-124
-157
-157
-189
-187
-220
-220
-247
-246
-279
-277
-306
-305
-333
-331
-355
-354
-381
-379
-403
-401
-424
-421
-441
-439
-456
-453
-473
-470
-485
-482
-494
-492
-504
-502
-510
-507
-511
-511
-516
-514
-516
-512
-512
-509
-507
-504
-500
-499
-491
-488
-479
-477
-464
-461
-451
-448
-434
-432
-414
-413
-392
-389
-369
-367
-346
-344
-321
-321
-294
-292
-266
-264
-236
-235
-206
-204
-173
-174
-141
-140
-109
-108
-75
-75
-40
-41
-9
-9
26
24
59
57
92
91
125
124
157
156
190
188
220
220
249
247
280
277
307
307
333
331
358
356
381
379
403
400
423
419
441
437
458
454
473
471
483
483
494
493
505
502
511
507
512
509
513
512
514
512
511
509
507
504
499
497
491
490
480
476
465
463
451
449
435
432
414
413
395
394
371
369
348
345
321
318
294
292
265
264
238
236
206
204
174
173
141
142
110
108
77
75
43
42
9
9
-25
-23
-58
-59
-93
-92
-124
-123
-155
-155
-189
-189
-220
-219
-250
-248
-280
-277
-308
-306
-334
-330
-360
-358
-383
-381
-405
-403
-423
-422
-442
-439
-459
-457
-472
-472
-485
-482
-497
-494
-504
-502
-511
-508
-516
-513
-518
-514
-516
-514
-513
-511
-508
-505
-502
-499
-493
-490
-480
-477
-467
-464
-454
-449
-436
-432
-416
-413
-393
-391
-372
-370
-349
-347
-321
-320
-292
-291
-268
-265
-238
-237
-208
-205
-174
-173
-143
-142
-111
-110
-76
-76
-44
-43
-10
-9
25
24
59
58
92
92
124
123
156
156
191
190
220
219
250
249
279
279
306
304
334
331
357
356
380
380
404
402
425
421
442
439
459
456
474
471
483
483
496
494
504
500
510
507
515
512
515
513
515
513
514
510
509
503
500
498
493
490
479
479
467
463
452
448
432
430
414
412
396
391
370
369
348
346
320
319
293
292
266
265
236
235
204
203
174
173
141
141
108
109
76
76
40
41
9
9
-25
-24
-60
-60
-92
-93
-125
-125
-159
-157
-191
-190
-221
-220
-251
-251
-279
-279
-308
-306
-333
-331
-358
-357
-382
-382
-407
-404
-425
-422
-443
-441
-460
-457
-474
-474
-488
-485
-498
-495
-507
-504
-515
-510
-515
-513
-517
-515
-519
-516
-514
-512
-508
-505
-504
-500
-494
-492
-483
-481
-468
-466
-454
-450
-435
-434
-416
-414
-394
-392
-373
-371
-347
-347
-323
-323
-295
-293
-267
-266
-237
-235
-208
-208
-177
-175
-143
-143
-110
-111
-78
-78
-42
-44
-10
-10
25
23
58
58
93
91
126
125
156
156
190
190
222
220
251
249
280
279
308
306
336
333
360
358
383
381
406
403
426
425
443
440
460
458
476
472
488
485
499
495
505
503
512
509
517
513
517
514
518
515
515
512
510
506
503
499
495
490
482
478
468
465
453
449
436
434
417
415
396
394
373
369
349
347
324
321
295
293
268
263
236
234
209
207
178
177
142
141
110
110
77
75
40
43
7
9
-26
-25
-59
-59
-92
-93
-128
-126
-159
-159
-189
-189
-221
-220
-251
-251
-282
-282
-310
-308
-336
-334
-361
-360
-384
-382
-407
-404
-426
-424
-446
-444
-461
-458
-476
-474
-490
-487
-499
-496
-508
-505
-513
-510
-517
-515
-519
-517
-517
-515
-513
-512
-508
-506
-500
-500
-491
-490
-481
-479
-469
-468
-455
-453
-437
-434
-419
-415
-394
-392
-371
-369
-347
-347
-321
-321
-296
-294
-267
-265
-237
-237
-206
-209
-176
-175
-141
-142
-110
-110
-78
-80
-44
-45
-7
-9
25
24
58
56
93
92
126
126
157
158
190
189
221
220
250
251
282
279
309
306
337
335
363
362
388
386
410
408
430
427
450
447
465
463
477
473
488
489
500
497
508
504
514
512
520
515
519
516
519
516
516
513
513
508
505
502
495
493
484
481
470
467
454
451
437
436
419
416
398
396
374
371
351
349
324
322
296
294
265
265
238
237
207
206
173
173
143
144
111
110
76
76
42
41
10
9
-25
-24
-60
-59
-94
-92
-126
-127
-158
-158
-192
-191
-223
-222
-252
-250
-282
-281
-311
-309
-336
-333
-360
-358
-384
-382
-408
-404
-428
-426
-446
-443
-463
-460
-477
-476
-489
-487
-499
-496
-509
-507
-515
-512
-516
-515
-522
-518
-518
-516
-517
-515
-512
-510
-505
-502
-496
-494
-483
-481
-471
-468
-456
-454
-437
-435
-418
-416
-394
-393
-372
117
-128
-127
-89
-89
-50
-50
-11
-10
29
29
68
67
106
107
144
143
182
182
219
219
254
253
289
289
322
322
354
354
386
384
416
413
443
441
467
465
492
489
513
510
531
529
549
544
564
560
575
571
584
581
592
588
597
593
599
594
597
594
593
591
588
585
581
577
571
567
558
554
541
537
524
520
503
500
480
478
458
454
433
429
405
404
374
372
342
342
309
308
275
274
240
238
203
202
163
165
126
127
88
89
48
51
9
11
-31
-27
-69
-68
-108
-106
-146
-145
-184
-183
-221
-218
-258
-254
-293
-291
-326
-324
-358
-356
-388
-387
-418
-415
-445
-442
-471
-468
-495
-491
-514
-511
-535
-530
-551
-547
-567
-563
-577
-575
-587
-583
-593
-590
-598
-595
-600
-595
-600
-595
-596
-593
-591
-587
-582
-579
-573
-570
-557
-555
-543
-539
-526
-522
-505
-501
-482
-479
-458
-453
-432
-427
-400
-398
-375
-372
-344
-340
-308
-306
-274
-271
-238
-237
-203
-200
-165
-163
-127
-125
-88
-87
-49
-49
-10
-10
30
28
69
68
106
107
145
145
183
183
221
220
255
254
290
289
325
324
356
354
387
385
418
414
444
441
469
466
493
491
514
511
532
530
549
548
564
561
576
574
584
584
592
590
596
595
597
598
598
595
596
593
589
587
580
580
571
568
557
555
542
540
523
522
505
502
480
478
458
456
434
432
402
402
373
371
343
341
308
308
275
273
238
238
202
202
165
165
127
126
88
87
49
51
9
10
-31
-29
-69
-68
-108
-106
-146
-146
-183
-181
-220
-216
-256
-255
-291
-288
-326
-323
-358
-355
-387
-386
-417
-415
-445
-442
-469
-468
-494
-490
-515
-511
-534
-530
-551
-548
-566
-561
-579
-576
-588
-584
-595
-592
-600
-597
-602
-599
-601
-597
-596
-593
-591
-591
-584
-581
-573
-569
-560
-558
-544
-542
-527
-525
-506
-503
-483
-481
-458
-456
-430
-429
-403
-401
-375
-373
-344
-341
-309
-307
-275
-274
-242
-241
-203
-201
-166
-165
-128
-128
-89
-88
-50
-49
-10
-11
31
28
68
67
108
106
147
146
183
183
221
219
257
256
291
290
325
324
358
356
389
388
417
415
447
444
472
469
494
492
516
513
535
531
551
549
567
561
578
575
588
585
596
592
600
596
600
596
601
597
598
593
591
589
583
581
572
570
559
555
543
541
525
522
505
504
483
481
459
458
434
432
407
406
377
375
344
344
310
309
275
275
240
239
202
204
165
165
127
126
88
89
49
49
8
9
-29
-29
-69
-69
-107
-106
-147
-144
-184
-183
-221
-220
-258
-257
-293
-291
-326
-325
-359
-358
-390
-387
-419
-416
-446
-443
-472
-470
-495
-493
-516
-513
-536
-532
-553
-549
-568
-564
-580
-577
-590
-586
-596
-593
-601
-598
-603
-600
-602
-600
-599
-595
-592
-590
-585
-581
-574
-572
-560
-556
-546
-543
-528
-523
-508
-504
-486
-482
-460
-457
-431
-431
-402
-400
-374
-371
-340
-338
-306
-302
-271
-269
-236
-234
-196
-196
-161
-161
-127
-125
-88
-86
-49
-46
-7
-7
31
32
71
72
111
111
149
148
188
186
222
221
259
256
294
292
327
324
358
356
390
389
420
418
446
446
474
470
498
493
518
515
537
534
553
551
569
565
584
579
590
588
598
594
602
599
604
599
602
599
600
596
594
591
584
582
575
571
562
560
545
542
526
525
509
504
485
481
461
460
437
436
406
406
375
374
343
342
310
310
276
275
241
240
205
204
167
167
126
127
87
89
49
51
11
12
-29
-28
-68
-67
-108
-106
-147
-144
-184
-183
-222
-217
-258
-256
-293
-292
-327
-324
-359
-356
-391
-387
-420
-416
-446
-444
-471
-468
-495
-493
-518
-513
-537
-533
-554
-550
-567
-564
-580
-577
-589
-586
-596
-593
-601
-597
-603
-599
-603
-599
-600
-596
-594
-589
-586
-583
-575
-572
-561
-558
-546
-543
-527
-525
-508
-504
-487
-481
-458
-456
-430
-429
-406
-404
-376
-373
-346
-342
-312
-309
-276
-274
-242
-238
-203
-202
-167
-166
-128
-126
-89
-88
-52
-51
-11
-10
32
30
69
70
107
107
147
146
185
185
222
220
260
258
293
291
326
325
359
357
391
387
420
418
448
445
473
470
498
495
518
516
537
534
555
551
569
566
582
578
590
587
599
595
602
598
606
599
605
602
601
598
595
592
587
585
577
573
564
559
547
543
527
525
509
506
485
484
463
459
437
436
409
407
380
376
348
346
312
312
277
276
241
241
204
203
166
164
128
127
90
89
50
49
9
10
-30
-29
-70
-69
-110
-106
-148
-146
-186
-184
-223
-221
-260
-257
-296
-294
-329
-325
-361
-359
-392
-389
-421
-420
-450
-447
-474
-471
-498
-495
-520
-516
-539
-534
-555
-553
-571
-567
-583
-579
-592
-589
-598
-595
-604
-600
-605
-602
-604
-601
-601
-598
-596
-591
-587
-584
-576
-573
-562
-558
-547
-543
-529
-527
-508
-504
-487
-485
-459
-458
-434
-432
-407
-405
-377
-374
-345
-342
-311
-310
-277
-277
-242
-240
-205
-203
-166
-166
-128
-128
-89
-89
-48
-50
-8
-10
27
28
67
67
108
107
146
146
185
184
223
222
258
256
294
292
327
326
360
358
392
389
420
418
449
446
476
472
498
497
520
516
538
536
556
553
570
567
582
580
592
587
600
595
604
600
604
604
605
603
601
599
597
593
587
585
577
574
563
560
548
544
529
528
510
508
487
484
465
462
439
437
410
409
377
376
345
343
312
311
277
276
242
241
203
203
166
165
126
127
88
88
49
51
9
9
-28
-29
-69
-69
-109
-108
-148
-146
-186
-186
-223
-222
-260
-259
-296
-294
-330
-327
-364
-359
-393
-390
-422
-420
-450
-447
-475
-474
-501
-497
-521
-517
-539
-537
-557
-554
-572
-569
-586
-581
-593
-590
-602
-598
-604
-602
-607
-604
-608
-603
-603
-600
-598
-594
-588
-586
-578
-575
-565
-562
-549
-545
-529
-527
-511
-507
-489
-485
-461
-459
-435
-431
-409
-404
-377
-375
-346
-342
-312
-311
-279
-276
-242
-239
-205
-205
-166
-166
-129
-128
-91
-89
-50
-50
-11
-10
31
30
69
70
108
109
145
146
184
184
223
223
258
258
294
293
328
327
362
359
392
391
421
420
450
448
475
473
498
497
519
517
538
538
557
554
572
569
583
581
592
591
601
596
605
602
606
604
606
604
601
600
597
594
589
586
577
576
564
561
549
547
530
528
511
508
487
485
464
461
438
437
408
407
377
377
345
345
312
311
277
277
242
242
205
204
167
167
129
128
90
91
51
51
11
10
-30
-30
-68
-67
-107
-107
-144
-145
-182
-181
-221
-220
-255
-255
-293
-291
-328
-326
-362
-359
-395
-390
-423
-420
-449
-446
-475
-470
-497
-495
-519
-517
-538
-535
-555
-552
-572
-568
-585
-579
-594
-590
-602
-599
-606
-601
-608
-604
-607
-605
-604
-599
-597
-595
-588
-587
-577
-573
-565
-561
-551
-546
-532
-529
-511
-508
-490
-486
-462
-459
-434
-432
-407
-403
-376
-374
-344
-343
-311
-308
-275
-274
-241
-237
-202
-202
-164
-163
-126
-125
-88
-87
-47
-46
-7
-6
33
33
74
72
113
112
152
149
191
189
226
223
263
260
298
298
333
332
365
364
396
395
425
425
454
453
480
478
505
501
524
523
544
541
562
558
575
572
587
585
598
596
605
602
606
604
609
606
607
605
604
602
600
596
588
586
581
576
567
563
551
548
531
529
511
509
488
486
466
464
441
438
411
408
379
377
347
344
313
313
280
276
243
242
204
205
168
166
128
128
89
88
50
52
11
11
-30
-31
-70
-70
-109
-109
-147
-146
-187
-185
-222
-221
-260
-258
-295
-296
-329
-327
-362
-361
-393
-391
-422
-421
-451
-448
-478
-475
-500
-499
-523
-517
-541
-539
-559
-555
-573
-569
-585
-582
-597
-593
-604
-599
-608
-604
-611
-606
-609
-607
-605
-603
-599
-598
-592
-589
-582
-578
-567
-565
-551
-549
-534
-533
-512
-511
-491
-487
-464
-462
-434
-432
-409
-406
-377
-375
-341
-341
-311
-308
-274
-272
-238
-235
-200
-199
-163
-164
-128
-126
-87
-87
-48
-46
-9
-7
32
33
71
73
111
111
151
149
190
189
227
225
264
262
299
297
331
328
363
360
395
392
424
422
453
448
479
475
503
499
524
522
542
540
561
556
575
572
586
584
597
594
603
601
608
603
610
606
610
607
605
603
600
596
592
588
581
578
568
565
552
548
534
530
513
510
490
486
466
466
442
439
410
408
379
377
346
345
313
312
279
278
242
240
204
204
168
167
128
127
90
88
49
49
10
10
-31
-29
-71
-70
-111
-110
-149
-147
-186
-186
-224
-223
-261
-260
-298
-296
-328
-329
-364
-362
-395
-394
-425
-423
-452
-451
-479
-476
-504
-499
-524
-522
-544
-542
-561
-556
-574
-572
-587
-586
-598
-594
-603
-601
-609
-608
-611
-608
-610
-607
-607
-604
-601
-598
-594
-591
-584
-579
-568
-566
-554
-550
-535
-533
-514
-513
-491
-489
-465
-463
-437
-435
-411
-409
-380
-379
-349
-346
-316
-314
-280
-279
-244
-243
-207
-207
-169
-168
-130
-130
-91
-90
-51
-50
-10
-11
30
29
69
68
110
107
147
146
187
185
224
223
260
260
298
295
332
327
366
364
397
393
424
420
451
450
479
477
502
500
524
520
543
540
562
557
577
573
589
585
598
594
606
602
611
606
612
610
612
607
609
604
602
599
593
591
581
580
569
566
552
551
535
532
515
511
490
489
467
465
444
441
412
412
382
380
351
350
317
316
283
281
245
243
208
209
170
169
133
131
91
90
52
50
13
12
-27
-26
-69
-68
-108
-109
-148
-145
-186
-186
-223
-222
-260
-258
-296
-295
-330
-329
-365
-363
-396
-394
-425
-423
-455
-452
-478
-477
-503
-502
-525
-523
-546
-542
-562
-558
-576
-574
-590
-586
-597
-596
-606
-602
-612
-607
-612
-608
-611
-609
-608
-605
-601
-600
-594
-591
-584
-581
-569
-567
-555
-551
-535
-534
-514
-512
-492
-491
-466
-464
-439
-436
-412
-411
-381
-380
-349
-347
-316
-314
-279
-279
-244
-242
-206
-206
-169
-169
-130
-130
-91
-91
-51
-50
-10
-9
29
29
69
69
110
109
148
148
186
187
225
225
261
260
297
296
331
330
364
363
397
395
425
424
455
455
480
478
502
500
524
523
545
543
563
559
576
574
590
587
598
595
607
603
612
609
