1651 9 80003e80 0 2710 9
332
297
297
259
257
218
218
178
178
137
136
94
95
52
53
9
10
-34
-33
-76
-74
-119
-117
-159
-158
-201
-199
-242
-241
-281
-279
-318
-317
-355
-354
-390
-387
-423
-419
-454
-453
-483
-483
-512
-510
-538
-535
-560
-559
-580
-579
-599
-597
-614
-612
-627
-626
-640
-636
-646
-643
-652
-647
-654
-650
-653
-650
-650
-646
-643
-640
-634
-631
-622
-619
-607
-606
-591
-588
-573
-569
-549
-545
-527
-523
-500
-499
-470
-467
-440
-438
-408
-405
-374
-371
-336
-334
-300
-299
-262
-259
-222
-219
-179
-180
-140
-137
-96
-94
-55
-53
-12
-11
30
32
74
74
114
114
156
156
198
197
239
237
279
276
316
315
354
352
388
387
421
420
454
452
485
482
512
509
536
536
559
557
582
577
598
596
613
613
628
626
638
635
645
643
651
648
654
650
652
650
648
647
642
640
632
630
622
618
606
604
589
587
570
566
548
545
525
522
499
498
473
471
439
437
406
404
371
369
335
333
298
297
258
257
219
218
178
177
136
137
94
94
52
52
10
9
-34
-34
-76
-75
-118
-117
-161
-159
-203
-201
-242
-241
-281
-279
-320
-317
-356
-354
-392
-388
-425
-422
-457
-454
-485
-482
-514
-511
-541
-536
-563
-560
-584
-579
-602
-597
-616
-613
-631
-626
-641
-636
-647
-644
-654
-648
-656
-652
-654
-651
-650
-647
-645
-641
-636
-632
-623
-620
-610
-607
-591
-589
-572
-570
-551
-548
-527
-524
-500
-497
-468
-465
-440
-437
-408
-405
-370
-368
-335
-332
-298
-296
-258
-258
-219
-218
-177
-177
-136
-135
-95
-94
-51
-52
-9
-8
34
33
76
76
119
119
160
160
201
202
241
240
282
280
319
318
357
354
391
389
425
423
458
455
486
484
515
513
540
537
564
560
584
580
602
599
618
615
632
628
641
639
650
646
655
651
657
654
656
652
652
649
647
643
636
633
626
623
611
608
595
592
576
573
551
547
527
522
502
497
470
468
441
439
408
404
372
371
337
335
297
296
259
259
218
219
178
178
137
135
95
95
52
52
9
10
-35
-34
-78
-76
-120
-119
-161
-161
-204
-200
-243
-240
-283
-281
-321
-317
-357
-354
-393
-390
-426
-423
-457
-454
-487
-484
-517
-512
-540
-538
-565
-559
-586
-581
-603
-600
-618
-615
-632
-628
-643
-638
-649
-647
-652
-648
-655
-651
-653
-650
-650
-646
-642
-639
-633
-629
-624
-621
-611
-607
-594
-590
-574
-571
-551
-549
-529
-525
-500
-497
-468
-465
-442
-438
-408
-405
-372
-371
-339
-337
-301
-300
-263
-260
-223
-221
-182
-180
-139
-139
-96
-96
-55
-55
-12
-12
32
31
74
73
117
115
158
157
201
199
241
239
279
279
316
316
354
352
389
388
423
421
455
452
484
482
512
511
539
536
562
558
583
580
603
597
618
613
630
626
641
637
648
644
654
650
656
651
655
650
652
648
646
641
637
633
625
622
610
606
593
590
573
569
551
549
526
524
502
498
474
470
441
439
407
406
372
371
338
336
300
298
261
261
221
220
180
179
141
137
96
96
52
52
11
10
-32
-33
-76
-76
-120
-118
-161
-159
-201
-202
-243
-241
-282
-282
-319
-319
-357
-356
-393
-391
-426
-425
-458
-457
-488
-486
-517
-514
-541
-540
-566
-562
-587
-584
-604
-602
-620
-617
-634
-631
-645
-641
-651
-648
-656
-655
-658
-656
-658
-655
-654
-650
-648
-645
-639
-637
-628
-625
-612
-610
-596
-592
-576
-572
-554
-552
-530
-526
-502
-500
-473
-472
-441
-441
-411
-408
-376
-374
-340
-338
-301
-298
-260
-261
-223
-224
-181
-182
-140
-141
-98
-97
-55
-55
-12
-11
32
30
73
73
115
115
160
158
201
200
244
242
285
284
323
321
360
358
397
395
430
428
461
455
489
485
519
516
544
542
567
563
587
584
605
602
621
618
635
633
646
641
651
647
656
650
658
655
658
655
656
654
650
646
637
634
627
623
612
609
594
591
574
570
553
547
529
526
501
499
478
472
446
443
410
409
376
375
341
339
303
300
265
263
225
224
181
181
142
140
98
98
56
56
15
13
-29
-30
-73
-74
-116
-115
-159
-157
-197
-198
-240
-239
-280
-277
-318
-317
-354
-354
-390
-389
-424
-423
-456
-455
-486
-483
-515
-512
-540
-537
-562
-562
-584
-583
-603
-600
-618
-616
-632
-629
-641
-641
-649
-648
-655
-651
-655
-653
-656
-656
-656
-653
-648
-648
-639
-639
-630
-626
-612
-611
-596
-595
-577
-575
-554
-552
-532
-530
-502
-501
-473
-471
-442
-442
-410
-409
-375
-374
-340
-337
-301
-301
-264
-263
-224
-223
-180
-181
-139
-138
-97
-100
-55
-56
-11
-13
33
29
76
72
118
116
160
159
202
199
243
242
282
278
319
317
357
355
392
390
426
423
458
454
487
484
516
512
542
538
565
560
586
582
604
601
619
616
633
630
644
639
652
648
656
651
658
653
658
654
654
649
648
644
638
634
627
621
613
609
594
592
576
572
554
551
530
525
504
500
476
472
442
439
410
406
374
372
339
334
301
298
261
260
222
221
180
179
140
139
97
95
54
52
9
10
-34
-34
-75
-76
-118
-120
-161
-159
-203
-201
-243
-242
-284
-281
-321
-320
-358
-357
-393
-392
-427
-426
-460
-458
-491
-487
-518
-515
-544
-542
-566
-564
-587
-584
-607
-603
-623
-620
-634
-633
-645
-643
-653
-651
-659
-656
-661
-658
-661
-658
-657
-654
-651
-648
-641
-639
-629
-627
-615
-613
-598
-596
-579
-576
-557
-553
-532
-530
-503
-501
-470
-470
-442
-440
-411
-411
-376
-377
-341
-340
-304
-302
-263
-263
-224
-224
-182
-183
-140
-140
-98
-97
-52
-52
-11
-13
31
29
76
73
118
115
161
160
204
202
244
242
285
281
321
320
360
356
395
391
429
426
460
458
491
488
518
515
545
540
570
563
588
584
607
603
622
619
634
631
645
642
652
649
659
655
661
657
659
657
656
651
650
646
640
638
629
624
613
611
596
594
576
574
553
552
530
527
503
501
478
475
446
443
411
408
375
373
337
337
302
298
262
261
221
219
181
178
138
137
96
94
52
52
12
11
-35
-33
-76
-77
-119
-120
-161
-161
-202
-201
-244
-243
-286
-283
-322
-321
-358
-357
-395
-393
-429
-425
-460
-459
-490
-489
-521
-517
-544
-542
-567
-563
-589
-587
-607
-603
-623
-620
-637
-633
-648
-644
-655
-652
-659
-656
-661
-658
-662
-658
-658
-656
-651
-648
-642
-639
-631
-628
-616
-612
-598
-597
-579
-577
-556
-555
-532
-530
-505
-502
-472
-471
-442
-440
-408
-409
-374
-373
-337
-337
-301
-298
-262
-259
-221
-220
-180
-178
-137
-137
-95
-94
-51
-52
-9
-10
36
36
76
76
118
118
163
162
205
205
245
245
287
283
324
322
363
359
398
394
432
427
462
462
492
491
522
519
549
544
572
568
592
588
609
607
625
624
639
635
649
646
658
655
664
659
665
662
665
659
661
657
655
652
646
643
633
630
619
616
602
598
582
579
560
556
533
531
511
505
480
477
444
442
411
409
377
374
341
339
303
300
263
262
222
222
180
179
139
138
97
98
54
54
10
10
-35
-33
-75
-75
-119
-118
-162
-160
-202
-200
-244
-242
-285
-282
-322
-320
-361
-358
-395
-393
-429
-428
-462
-458
-493
-489
-520
-517
-546
-542
-570
-567
-591
-587
-608
-605
-624
-622
-638
-635
-648
-644
-654
-650
-658
-654
-661
-657
-661
-656
-655
-652
-649
-644
-644
-639
-631
-628
-616
-612
-599
-596
-581
-577
-556
-553
-533
-530
-503
-501
-473
-470
-445
-444
-411
-410
-377
-375
-341
-338
-303
-301
-262
-263
-224
-221
-182
-182
-141
-141
-98
-97
-55
-52
-10
-12
32
32
77
75
118
117
163
162
203
200
242
241
285
280
324
321
360
356
395
392
429
425
460
459
492
489
519
515
546
542
568
566
589
587
609
605
624
622
638
635
649
646
656
654
662
659
663
660
662
660
660
657
652
650
644
640
631
629
616
615
600
598
580
577
559
555
534
530
508
505
477
475
445
443
413
410
378
376
341
340
303
302
264
263
224
222
184
181
142
140
98
97
54
54
12
11
-33
-32
-75
-75
-118
-119
-162
-161
-203
-201
-244
-244
-284
-283
-324
-322
-360
-359
-397
-392
-430
-428
-461
-459
-493
-490
-523
-519
-547
-545
-570
-567
-592
-588
-610
-606
-626
-623
-641
-635
-651
-646
-657
-654
-663
-658
-664
-662
-663
-660
-661
-656
-655
-651
-645
-642
-633
-630
-618
-614
-601
-598
-581
-579
-558
-556
-534
-531
-506
-502
-476
-475
-446
-444
-414
-411
-377
-377
-342
-340
-303
-302
-264
-262
-224
-223
-182
-181
-141
-140
-97
-98
-54
-54
-10
-11
32
33
75
74
117
118
161
160
202
201
244
244
285
283
319
319
359
357
395
393
429
429
462
460
492
489
520
517
546
543
571
567
591
587
610
607
625
621
641
635
650
647
657
655
663
659
665
661
666
660
662
657
654
650
646
642
634
629
618
615
601
599
582
577
559
556
536
531
509
505
480
477
447
444
414
411
379
377
342
341
305
303
265
263
223
223
183
183
140
140
97
97
55
54
11
10
-33
-33
-76
-76
-120
-120
-162
-161
-204
-202
-245
-244
-285
-285
-322
-322
-362
-361
-398
-395
-431
-430
-465
-463
-495
-493
-524
-520
-550
-545
-572
-569
-593
-589
-613
-608
-628
-625
-641
-638
-653
-648
-659
-657
-664
-661
-668
-665
-666
-663
-663
-658
-657
-653
-647
-644
-635
-631
-619
-615
-602
-600
-582
-581
-560
-557
-535
-534
-507
-505
-479
-475
-449
-445
-414
-411
-379
-376
-342
-340
-305
-303
-266
-264
-224
-223
-183
-182
-141
-141
-97
-97
-54
-54
-10
-11
33
33
76
76
120
119
163
161
206
204
245
244
284
284
324
321
364
361
396
394
431
427
463
461
493
491
523
519
549
545
573
568
594
589
612
608
628
624
642
638
652
647
659
656
664
661
666
664
665
663
661
659
655
653
646
645
634
634
620
616
602
599
584
581
560
558
534
534
510
508
479
479
447
447
414
413
379
378
342
341
304
304
265
265
224
223
183
183
140
139
98
98
54
54
11
12
-31
-32
-76
-77
-120
-118
-163
-161
-203
-203
-246
-244
-285
-284
-325
-322
-363
-360
-397
-396
-433
-430
-463
-462
-497
-491
-523
-521
-549
-546
-573
-571
-594
-592
-613
-610
-627
-627
-643
-640
-652
-650
-659
-658
-665
-662
-668
-663
-668
-664
-664
-661
-658
-655
-648
-646
-635
-632
-620
-619
-605
-603
-584
-581
-560
-559
-537
-536
-509
-507
-478
-476
-446
-444
-415
-411
-380
-380
-344
-342
-305
-304
-266
-265
-227
-225
-183
-183
-141
-143
-98
-98
-53
-55
-10
-10
35
34
78
76
120
120
163
162
205
204
245
245
286
285
325
322
362
360
398
397
432
431
466
464
493
491
523
520
548
548
573
570
595
592
614
610
629
626
642
639
654
649
661
658
667
663
668
664
668
663
665
660
657
653
648
644
635
633
621
618
603
600
584
581
560
559
537
533
511
509
482
478
450
447
417
415
380
378
343
342
305
302
264
263
225
223
184
183
140
141
98
98
55
54
11
10
-33
-34
-77
-76
-119
-119
-163
-160
-204
-202
-246
-243
-284
-282
-325
-322
-363
-360
-398
-396
-432
-430
-465
-462
-494
-492
-525
-521
-549
-546
-575
-571
-596
-591
-613
-611
-630
-626
-643
-640
-655
-651
-662
-658
-666
-662
-671
-666
-668
-664
-666
-661
-658
-654
-650
-646
-636
-634
-622
-619
-606
-600
-586
-583
-562
-560
-538
-535
-509
-507
-480
-476
-448
-447
-413
-413
-378
-377
-344
-340
-305
-302
-266
-263
-224
-222
-183
-180
-139
-138
-95
-95
-51
-52
-10
-9
35
34
78
78
122
120
164
164
206
206
248
247
288
287
328
326
365
363
401
398
435
433
468
465
499
496
525
522
550
547
575
571
598
594
616
614
633
629
647
644
656
653
665
662
670
666
672
668
671
669
667
662
661
658
652
649
639
637
624
623
607
604
587
584
565
562
541
537
514
511
482
481
451
449
418
416
382
380
344
342
306
305
269
268
226
226
184
183
143
143
99
99
53
54
9
10
-35
-34
-77
-77
-119
-118
-162
-162
-204
-203
-242
-243
-282
-281
-322
-321
-361
-359
-400
-398
-434
-432
-467
-465
-498
-496
-526
-523
-552
-547
-575
-571
-597
-595
-613
-610
-631
-626
-645
-640
-653
-650
-662
-659
-668
-663
-670
-664
-664
-661
-663
-660
-660
-656
-652
-648
-639
-637
-624
-622
-606
-603
-588
-583
-564
-562
-540
-537
-513
-511
-478
-478
-447
-444
-415
-412
-381
-379
-344
-342
-307
-304
-267
-264
-226
-226
-182
-182
-140
-140
-98
-97
-55
-52
-10
-9
34
34
78
78
121
121
163
164
205
205
248
247
287
286
328
327
369
366
405
403
439
437
473
470
499
496
527
525
554
552
582
579
601
598
618
614
633
630
647
643
659
655
664
659
668
664
669
667
670
666
668
662
661
658
650
647
638
634
625
621
607
603
586
583
564
560
537
535
511
509
483
483
452
450
417
415
381
379
343
342
304
304
267
265
224
225
183
181
141
139
98
96
52
52
9
10
-34
-35
-79
-77
-122
-120
-162
-161
-206
-205
-249
-246
-289
-288
-327
-327
-365
-364
-403
-398
-436
-433
-468
-466
-501
-498
-529
-525
-555
-551
-579
-575
-599
-596
-617
-613
-635
-630
-648
-645
-656
-655
-666
-663
-670
-666
-672
-670
-672
-668
-667
-664
-662
-659
-653
-648
-640
-637
-624
-623
-609
-605
-588
-585
-566
-562
-542
-537
-513
-509
-481
-480
-452
-449
-419
-417
-383
-381
-346
-344
-308
-308
-268
-269
-227
-228
-185
-184
-143
-142
-100
-100
-55
-55
-12
-11
32
32
77
75
120
119
161
160
205
204
246
246
287
285
326
323
363
361
400
398
436
431
466
465
497
496
524
524
552
550
576
574
597
595
616
611
634
630
647
643
654
652
663
661
670
667
671
668
670
668
667
665
662
659
652
649
640
636
625
623
607
604
587
585
565
563
539
537
513
511
483
483
451
449
417
414
383
380
345
344
307
304
268
266
226
225
184
183
140
140
97
97
54
53
9
10
-34
-33
-77
-77
-123
-122
-166
-165
-208
-207
-249
-247
-290
-289
-328
-327
-367
-366
-405
-401
-437
-435
-470
-467
-500
-497
-528
-526
-557
-552
-580
-576
-601
-598
-620
-615
-639
-633
-649
-645
-658
-655
-669
-664
-672
-667
-676
-672
-676
-672
-670
-668
-663
-661
-652
-651
-641
-639
-627
-624
-610
-608
-589
-586
-566
-564
-542
-541
-514
-511
-480
-479
-452
-450
-420
-418
-383
-383
-347
-346
-309
-307
-268
-267
-228
-226
-186
-185
-142
-142
-100
-100
-56
-56
-13
-12
32
32
77
76
121
119
164
162
206
205
247
246
288
286
325
325
365
362
400
398
435
434
469
466
499
495
527
525
553
550
578
574
599
596
618
614
635
627
649
644
657
655
668
664
673
669
672
667
671
667
667
663
662
659
652
649
642
636
626
624
608
606
589
586
566
563
541
538
514
510
486
483
451
450
418
415
383
381
346
343
309
306
268
267
227
225
185
183
142
141
99
97
54
54
8
11
-34
-34
-78
-78
-123
-120
-166
-164
-208
-206
-247
-248
-288
-288
-328
-327
-366
-365
-403
-402
-438
-436
-470
-468
-502
-499
-530
-527
-557
-553
-581
-577
-602
-598
-620
-617
-636
-635
-650
-648
-659
-658
-669
-666
-672
-668
-675
-673
-676
-674
-671
-668
-666
-662
-656
-652
-644
-640
-629
-626
-613
-607
-592
-588
-568
-566
-543
-541
-515
-514
-483
-480
-451
-450
-421
-418
-386
-383
-348
-346
-308
-309
-268
-268
-227
-226
-185
-187
-142
-144
-99
-99
-55
-56
-11
-12
33
32
77
76
121
118
165
163
206
204
248
248
288
288
328
326
366
364
402
400
437
434
470
467
499
497
529
524
554
552
578
577
601
597
619
617
635
631
649
646
660
656
667
664
670
667
674
671
674
669
668
663
663
658
654
651
643
639
628
624
610
608
591
586
566
565
542
538
515
512
487
485
455
452
420
419
384
383
344
344
307
307
269
268
226
226
186
186
144
144
99
100
55
56
13
10
-33
-31
-77
-75
-122
-121
-164
-163
-207
-206
-248
-246
-289
-288
-330
-327
-366
-365
-403
-401
-437
-435
-470
-470
-502
-499
-530
-527
-557
-554
-582
-577
-602
-598
-621
-618
-639
-634
-651
-649
-662
-659
-671
-667
-676
-672
-678
-673
-678
-673
-672
-671
-670
-665
-658
-654
-645
-642
-630
-627
-612
-611
-593
-589
-569
-565
-545
-543
-515
-513
-485
-482
-456
-452
-420
-419
-387
-383
-349
-347
-309
-308
-270
-269
-229
-227
-186
-185
-143
-143
-100
-100
-55
-57
-11
-12
32
32
77
76
121
120
164
162
206
205
248
247
291
287
327
327
367
364
404
401
439
436
472
469
501
499
530
528
556
554
581
577
603
599
620
617
637
634
651
647
662
658
668
665
675
671
677
671
676
672
672
668
667
664
654
653
641
639
630
626
611
608
590
587
569
566
542
539
517
514
488
487
457
454
424
421
387
384
350
347
311
310
272
271
230
228
186
185
143
143
99
99
53
55
11
10
-32
-33
-79
-79
-122
-123
-166
-163
-209
-207
-249
-248
-291
-288
-329
-327
-368
-367
-404
-402
-439
-436
-472
-470
-501
-499
-530
-529
-557
-554
-581
-579
-604
-600
-622
-618
-637
-634
-649
-647
-662
-657
-667
-664
-673
-669
-673
-670
-673
-669
-672
-670
-667
-664
-657
-654
-645
-642
-633
-628
-611
-609
-593
-590
-571
-567
-544
-542
-517
-515
-484
-484
-453
-451
-420
-417
-387
-383
-348
-345
-311
-308
-271
-269
-228
-227
-187
-185
-144
-143
-100
-100
-57
-55
-11
-10
33
34
77
77
121
120
165
164
207
205
249
247
290
287
328
327
367
365
403
402
439
436
472
471
503
500
532
528
557
555
582
578
604
600
624
619
638
635
653
649
665
659
671
667
677
673
677
676
678
675
675
671
666
663
657
655
646
643
630
627
611
610
592
590
570
567
544
542
518
515
488
486
455
452
421
419
386
383
349
345
310
307
270
267
228
228
187
184
143
140
98
97
54
55
9
11
-35
-34
-78
-78
-123
-121
-167
-166
-209
-208
-251
-251
-290
-290
-332
-330
-371
-367
-406
-404
-440
-438
-474
-471
-504
-503
-533
-529
-559
-556
-584
-582
-604
-602
-623
-620
-640
-638
-654
-651
-664
-660
-673
-668
-676
-674
-679
-678
-678
-676
-674
-673
-668
-666
-658
-657
-648
-645
-634
-630
-615
-613
-595
-591
-572
-568
-548
-544
-519
-514
-487
-484
-457
-454
-422
-422
-386
-387
-348
-348
-309
-310
-270
-269
-231
-229
-186
-186
-144
-144
-100
-101
-55
-57
-12
-11
34
32
76
75
121
120
165
164
207
205
250
248
291
288
331
327
368
367
404
403
439
437
474
470
505
500
532
530
559
556
584
579
605
601
624
620
641
636
654
651
664
661
673
668
677
674
680
677
679
675
677
671
669
666
659
656
648
644
632
630
614
613
594
591
571
566
545
544
521
519
493
490
458
455
423
420
388
385
349
349
309
309
270
269
228
227
186
185
143
142
100
98
54
54
11
11
-35
-34
-79
-78
-124
-124
-167
-166
-210
-210
-252
-249
-293
-291
-332
-331
-370
-369
-408
-405
-441
-440
-476
-472
-507
-504
-537
-534
-562
-559
-586
-582
-606
-604
-627
-622
-644
-639
-656
-652
-667
-663
-674
-672
-680
-676
-682
-680
-681
-677
-678
-674
-671
-667
-661
-658
-649
-646
-635
-631
-616
-614
-596
-593
-573
-571
-546
-544
-520
-516
-489
-486
-459
-456
-425
-421
-389
-386
-352
-350
-312
-310
-272
-270
-230
-230
-188
-186
-146
-145
-102
-102
-57
-58
-12
-11
31
33
77
77
121
120
165
163
207
206
249
247
291
287
330
329
367
366
403
403
439
438
472
470
504
502
532
530
560
557
583
581
605
602
624
621
641
638
654
650
665
661
672
670
677
673
680
678
680
675
676
672
667
667
659
657
647
645
633
629
616
613
595
590
571
568
547
543
520
517
490
489
461
459
428
426
391
388
353
350
312
312
272
273
233
230
189
188
147
145
101
102
55
55
10
10
-35
-34
-81
-79
-123
-123
-168
-166
-210
-208
-252
-251
-295
-291
-334
-331
-371
-369
-408
-405
-444
-442
-476
-472
-507
-505
-537
-533
-562
-559
-587
-584
-607
-604
-626
-624
-645
-641
-657
-654
-670
-665
-677
-673
-682
-678
-684
-681
-683
-679
-679
-676
-672
-670
-664
-661
-650
-645
-633
-631
-616
-612
-596
-592
-574
-568
-547
-544
-518
-517
-485
-484
-455
-455
-426
-423
-388
-388
-352
-350
-311
-310
-268
-266
-228
-226
-186
-184
-143
-141
-99
-100
-52
-53
-10
-10
35
34
78
76
122
123
166
166
209
209
251
250
290
291
332
329
371
367
409
407
444
440
475
472
505
503
534
533
562
557
584
582
607
603
626
622
642
639
656
651
667
664
675
671
679
676
681
679
682
678
678
674
671
668
661
659
648
646
634
632
616
614
595
592
572
571
548
545
520
518
491
490
461
459
427
424
390
388
353
352
317
314
274
273
233
230
191
190
147
146
103
103
56
58
14
14
-29
-29
-78
-78
-123
-122
-168
-165
-210
-210
-251
-250
-293
-293
-333
-331
-371
-370
-408
-407
-443
-440
-476
-474
-506
-505
-536
-535
-564
-561
-588
-584
-610
-605
-628
-625
-645
-642
-658
-654
-669
-665
-678
-674
-682
-678
-684
-680
-684
-681
-680
-677
-673
-670
-665
-660
-652
-648
-636
-634
-619
-615
-598
-596
-577
-572
-550
-546
-522
-519
-491
-488
-460
-457
-427
-425
-387
-386
-353
-351
-312
-311
-271
-272
-231
-230
-189
-188
-144
-146
-98
-99
-55
-56
-11
-11
35
33
80
79
123
123
167
164
210
207
253
250
293
290
333
331
372
369
409
406
443
440
476
471
507
504
537
533
562
559
586
581
609
604
628
624
644
640
658
653
669
664
677
672
682
678
683
680
682
679
679
676
673
669
663
659
649
648
636
632
618
615
597
593
572
571
547
546
521
516
494
491
464
461
430
432
395
393
357
355
313
312
275
273
235
233
192
190
148
148
101
103
58
59
13
14
-34
-32
-79
-79
-125
-123
-168
-167
-210
-208
-252
-252
-294
-292
-333
-332
-371
-370
-409
-407
-443
-442
-478
-474
-509
-507
-537
-536
-564
-561
-588
-585
-609
-607
-628
-627
-641
-640
-657
-654
-668
-666
-674
-672
-677
-674
-680
-677
-683
-681
-682
-679
-674
-672
-665
-662
-654
-649
-638
-634
-620
-617
-599
-597
-577
-574
-550
-549
-522
-521
-487
-486
-459
-457
-427
-425
-390
-389
-354
-351
-314
-312
-272
-272
-230
-232
-188
-187
-146
-145
-101
-101
-56
-56
-11
-13
33
31
78
78
123
121
167
164
211
209
253
251
294
292
334
331
372
369
409
406
444
442
477
474
510
504
540
533
565
561
588
584
610
607
630
626
647
640
660
656
670
667
678
675
682
679
685
680
685
679
683
677
675
669
664
661
652
650
639
635
621
617
599
595
577
573
551
546
524
520
495
492
460
458
425
424
390
388
353
350
313
311
273
270
232
230
186
185
142
140
100
99
55
55
11
11
-35
-35
-80
-80
-124
-124
-167
-168
-211
-210
-254
-253
-295
-293
-334
-334
-373
-372
-410
-407
-445
-444
-479
-477
-510
-508
-539
-537
-566
-564
-590
-587
-613
-609
-631
-628
-648
-644
-661
-659
-671
-669
-679
-677
-683
-683
-687
-684
-687
-683
-684
-680
-676
-674
-666
-664
-656
-650
-641
-636
-622
-618
-601
-599
-578
-576
-553
-550
-524
-522
-492
-490
-462
-459
-428
-426
-393
-392
-354
-352
-315
-313
-274
-272
-233
-232
-188
-189
-145
-146
-101
-102
-55
-57
-12
-13
33
33
78
77
123
122
167
165
211
207
253
251
294
291
335
331
372
369
410
405
445
442
478
475
509
507
539
535
565
561
589
586
612
608
632
629
646
645
661
659
673
668
678
675
684
682
687
684
688
683
683
679
676
672
666
663
655
650
640
636
621
618
602
596
579
574
552
549
524
522
496
493
463
459
427
425
391
388
354
352
313
310
273
271
232
230
187
186
146
144
101
100
52
53
9
8
-34
-34
-79
-79
-125
-123
-168
-168
-212
-210
-252
-252
-295
-294
-335
-333
-373
-372
-410
-409
-445
-445
-480
-478
-510
-509
-540
-538
-567
-564
-590
-588
-611
-610
-631
-630
-649
-646
-661
-659
-673
-671
-682
-678
-687
-683
-689
-685
-688
-684
-683
-681
-679
-675
-670
-664
-656
-652
-640
-636
-622
-620
-601
-600
-579
-576
-553
-551
-524
-521
-493
-491
-464
-460
-427
-426
-392
-391
-353
-354
-313
-313
-273
-272
-232
-232
-190
-189
-145
-145
-100
-101
-55
-55
-10
-12
33
33
80
79
124
123
166
166
211
209
253
250
294
292
333
332
373
371
409
407
445
443
478
476
510
508
540
536
566
563
591
587
612
608
633
629
650
642
662
658
673
668
681
677
686
681
688
684
688
684
684
680
677
674
668
665
656
653
641
637
621
620
601
599
580
576
552
550
526
524
498
495
463
459
429
426
392
390
355
351
315
313
273
273
231
230
189
187
145
143
99
100
54
55
11
13
-35
-35
-81
-81
-124
-124
-170
-168
-212
-210
-254
-253
-296
-294
-335
-334
-375
-372
-412
-410
-447
-443
-481
-477
-513
-509
-541
-538
-567
-566
-594
-590
-614
-611
-633
-630
-649
-647
-663
-662
-674
-671
-684
-680
-688
-685
-690
-688
-689
-686
-685
-682
-679
-676
-668
-666
-656
-653
-640
-639
-623
-621
-602
-601
-578
-576
-554
-552
-524
-523
-494
-491
-462
-461
-428
-426
-389
-390
-354
-352
-315
-313
-274
-274
-232
-232
-189
-188
-144
-146
-100
-101
-54
-55
-9
-12
36
34
80
80
124
122
169
167
211
210
254
253
297
293
336
334
374
374
411
409
447
444
480
476
511
510
541
538
567
566
593
588
615
611
632
630
651
645
664
660
674
671
682
678
687
685
691
686
690
686
685
682
678
675
670
666
659
654
643
639
623
621
603
601
581
576
554
551
527
525
498
494
462
461
430
427
395
389
356
353
315
314
276
273
233
231
191
188
146
144
100
101
56
55
12
11
-33
-36
-79
-80
-123
-122
-170
-169
-212
-213
-254
-255
-297
-294
-335
-335
-375
-373
-413
-412
-449
-447
-483
-478
-512
-511
-543
-540
-569
-567
-594
-591
-615
-613
-636
-632
-652
-648
-666
-663
-677
-673
-685
-682
-689
-686
-692
-689
-692
-688
-687
-684
-680
-678
-671
-668
-660
-656
-643
-640
-625
-623
-604
-601
-582
-579
-555
-554
-525
-524
-493
-490
-460
-457
-425
-424
-389
-389
-354
-353
-313
-313
-272
-273
-231
-232
-188
-187
-144
-144
-99
-100
-55
-56
-9
-12
36
34
82
79
124
123
170
169
212
211
255
253
299
295
338
334
376
373
412
410
449
445
482
479
513
509
543
539
570
565
594
588
617
610
636
631
652
648
666
661
677
672
686
679
691
686
692
687
692
687
688
683
682
676
671
667
659
655
643
640
626
621
606
602
583
577
556
551
528
526
500
497
467
463
432
430
396
394
357
357
317
315
277
275
234
234
192
190
149
147
104
103
59
59
13
14
-32
-33
-78
-77
-124
-123
-168
-169
-210
-211
-251
-252
-297
-297
-338
-336
-375
-374
-413
-411
-448
-447
-481
-479
-512
-511
-543
-541
-569
-568
-595
-592
-616
-613
-635
-633
-650
-649
-666
-664
-679
-675
-687
-683
-690
-688
-692
-690
-692
-689
-687
-686
-682
-681
-673
-670
-659
-657
-646
-643
-627
-626
-607
-605
-584
-582
-557
-556
-528
-527
-494
-492
-460
-460
-429
-430
-394
-392
-355
-356
-317
-316
-275
-275
-232
-232
-190
-191
-145
-147
-100
-102
-57
-57
-10
-12
36
34
81
79
125
123
170
168
214
211
255
253
301
297
339
336
377
374
414
411
450
445
482
478
515
511
547
541
574
569
599
593
621
617
642
639
656
652
667
663
678
673
686
681
691
687
694
690
692
688
689
683
683
678
674
667
660
656
645
641
627
622
607
601
584
579
557
553
529
526
501
496
464
462
431
429
395
393
357
353
317
314
276
274
233
231
191
188
147
145
101
99
57
54
11
11
-35
-36
-80
-80
-124
-125
-170
-169
-213
-212
-255
-255
-297
-297
-336
-334
-377
-377
-415
-415
-449
-448
-483
-481
-514
-513
-544
-542
-571
-570
-596
-594
-617
-616
-638
-636
-654
-650
-668
-666
-677
-676
-687
-684
-692
-689
-694
-692
-694
-690
-691
-687
-683
-682
-672
-672
-661
-658
-646
-645
-627
-627
-608
-605
-583
-582
-559
-557
-531
-529
-497
-496
-463
-464
-430
-429
-396
-394
-357
-357
-318
-318
-276
-276
-235
-235
-191
-192
-148
-147
-104
-103
-57
-58
-12
-12
34
33
80
76
123
121
168
167
214
211
255
253
297
296
338
334
377
375
415
411
451
447
482
480
515
511
545
541
572
566
596
591
619
615
638
634
657
651
672
667
680
676
689
685
695
692
695
690
693
690
689
687
683
680
675
672
665
660
650
644
631
627
610
607
586
583
559
555
530
527
504
501
472
470
436
434
401
397
358
358
320
319
278
277
238
236
196
193
148
148
103
101
57
57
13
11
-34
-34
-81
-78
-124
-122
-167
-168
-213
-212
-255
-253
-297
-295
-338
-334
-375
-374
-414
-412
-447
-446
-482
-480
-517
-513
-543
-542
-571
-569
-595
-593
-617
-615
-639
-634
-653
-650
-667
-666
-678
-676
-687
-684
-693
-688
-695
-690
-693
-689
-689
-687
-683
-679
-673
-670
-660
-657
-646
-642
-626
-624
-606
-604
-585
-582
-558
-555
-529
-526
-495
-491
-465
-462
-433
-431
-396
-394
-358
-357
-317
-318
-276
-276
-235
-233
-191
-191
-147
-147
-102
-102
-58
-57
-13
-12
35
34
79
79
123
125
169
168
212
211
256
255
297
296
337
336
377
373
414
412
451
447
484
481
517
513
546
541
573
570
597
593
620
617
638
635
656
651
668
666
680
676
689
685
693
689
696
692
697
691
692
688
685
682
675
672
664
659
647
644
630
626
609
605
584
582
559
556
531
529
499
499
465
464
433
430
396
394
358
354
318
315
276
276
233
232
190
190
146
144
101
100
55
54
10
8
-36
-36
-81
-80
-127
-126
-171
-171
-215
-214
-257
-257
-299
-298
-341
-340
-380
-377
-418
-415
-453
-451
-488
-485
-516
-514
-547
-544
-577
-574
-599
-598
-622
-619
-640
-638
-658
-655
-672
-669
-684
-680
-691
-689
-696
-692
-699
-695
-699
-695
-694
-690
-687
-683
-678
-675
-665
-662
-651
-647
-632
-629
-612
-608
-586
-585
-560
-559
-532
-530
-500
-499
-470
-466
-435
-431
-397
-396
-358
-359
-319
-318
-276
-276
-235
-235
-192
-191
-148
-148
-102
-102
-57
-58
-11
-12
33
34
80
78
125
124
168
167
213
210
258
255
299
295
339
336
378
375
415
413
452
445
486
481
517
513
547
543
574
571
598
595
622
618
640
637
655
651
671
665
681
678
691
685
695
691
698
693
697
693
693
688
689
681
678
672
666
661
649
644
632
626
611
606
587
584
562
557
534
530
507
504
471
468
434
431
398
395
359
356
318
316
278
276
234
233
192
191
147
146
101
101
57
57
11
10
-35
-36
-80
-82
-125
-125
-172
-171
-213
-215
-257
-257
-301
-299
-341
-339
-379
-378
-418
-416
-452
-450
-486
-485
-519
-517
-549
-546
-575
-574
-300
-299
-336
-333
-368
-363
-402
-396
-433
-430
-461
-458
-489
-485
-512
-508
-535
-530
-554
-549
-571
-567
-586
-582
-599
-595
-608
-607
-615
-612
-619
-615
-622
-618
-622
-617
-618
-615
-612
-606
-603
-600
-592
-590
-578
-574
-563
-558
-544
-540
-523
-520
-499
-496
-472
-471
-446
-444
-418
-415
-387
-384
-354
-351
-320
-318
-284
-284
-247
-246
-210
-207
-171
-171
-132
-131
-92
-91
-52
-51
-10
-9
30
30
71
72
112
111
152
150
190
189
228
227
265
265
302
300
335
334
369
368
401
400
431
431
459
457
487
485
510
508
532
529
552
550
569
567
585
581
598
594
608
605
614
612
619
617
621
619
622
618
618
615
611
608
604
602
593
591
579
574
562
559
544
542
525
522
501
499
477
475
449
446
420
415
387
386
355
353
322
320
285
282
247
247
209
208
172
170
132
132
92
91
51
49
9
10
-31
-31
-72
-71
-112
-112
-152
-151
-191
-189
-229
-228
-268
-265
-303
-302
-338
-337
-372
-370
-404
-402
-434
-430
-462
-460
-488
-486
-515
-510
-536
-532
-556
-553
-571
-568
-588
-584
-600
-597
-609
-606
-617
-615
-621
-619
-623
-621
-623
-619
-619
-616
-613
-611
-606
-601
-594
-591
-580
-576
-565
-561
-544
-541
-525
-521
-501
-499
-473
-471
-447
-445
-420
-417
-387
-385
-354
-354
-322
-318
-286
-282
-248
-246
-211
-209
-173
-172
-132
-133
-93
-92
-52
-52
-12
-11
28
30
70
70
111
110
150
149
189
187
228
226
266
265
301
301
338
335
372
369
404
401
435
430
462
459
487
485
512
509
536
532
553
551
573
569
586
581
599
594
610
606
616
612
622
617
623
620
623
619
620
616
615
611
605
602
595
590
580
576
566
562
545
544
523
521
501
498
478
476
451
448
417
415
388
385
355
352
321
319
285
284
249
248
210
209
172
170
132
132
90
92
50
52
10
11
-31
-30
-72
-71
-112
-111
-152
-152
-191
-190
-230
-227
-266
-264
-304
-300
-338
-336
-371
-369
-403
-401
-433
-430
-460
-458
-486
-484
-509
-508
-532
-529
-554
-548
-570
-567
-586
-582
-600
-597
-606
-604
-617
-614
-619
-617
-622
-620
-622
-618
-620
-617
-613
-612
-606
-603
-595
-593
-581
-578
-567
-563
-546
-544
-526
-522
-503
-501
-476
-473
-445
-443
-416
-416
-387
-385
-353
-352
-319
-317
-283
-282
-247
-244
-209
-208
-170
-168
-131
-128
-92
-89
-50
-48
-8
-8
32
35
73
73
115
114
155
154
194
192
233
231
271
267
306
305
340
339
374
373
407
406
435
435
465
463
492
489
517
514
539
536
556
552
573
570
586
586
600
598
610
607
616
613
622
620
624
621
623
620
619
618
614
611
605
603
593
591
580
577
565
563
548
546
525
524
505
503
479
477
451
450
424
423
389
387
356
356
323
320
284
285
247
248
211
209
170
171
132
131
92
90
50
50
9
10
-32
-32
-74
-71
-113
-112
-153
-151
-192
-189
-232
-228
-268
-268
-303
-302
-340
-336
-374
-371
-405
-403
-435
-435
-464
-461
-492
-488
-517
-513
-538
-534
-558
-554
-576
-570
-591
-587
-604
-602
-613
-610
-620
-615
-626
-621
-628
-624
-625
-624
-625
-621
-618
-614
-609
-605
-597
-594
-584
-581
-568
-565
-550
-546
-528
-525
-504
-503
-478
-475
-449
-446
-422
-420
-390
-388
-357
-355
-324
-322
-288
-286
-250
-249
-211
-212
-173
-174
-134
-131
-94
-93
-52
-52
-11
-12
30
31
72
71
112
111
153
151
193
192
231
229
268
266
304
301
340
337
374
370
407
403
436
433
464
462
491
489
517
514
537
535
557
556
575
573
590
588
603
602
611
610
619
617
624
622
627
624
624
624
622
620
617
614
608
606
596
594
583
579
567
564
546
544
528
525
502
501
477
476
453
451
421
419
386
385
354
354
322
319
286
285
249
247
212
210
172
172
132
130
91
92
50
51
11
12
-32
-31
-72
-72
-112
-112
-154
-151
-192
-190
-230
-229
-268
-266
-305
-303
-341
-338
-374
-372
-406
-403
-437
-434
-464
-462
-491
-488
-515
-513
-538
-536
-557
-555
-575
-573
-591
-587
-603
-601
-615
-610
-620
-618
-626
-623
-629
-624
-627
-623
-623
-619
-618
-614
-608
-606
-597
-595
-584
-583
-568
-564
-549
-546
-528
-526
-505
-503
-477
-475
-451
-448
-423
-420
-389
-388
-358
-358
-323
-322
-288
-287
-250
-249
-213
-211
-173
-171
-133
-132
-95
-91
-53
-51
-12
-11
29
30
72
71
111
111
151
153
192
192
232
229
269
266
305
304
341
338
374
372
407
403
437
435
465
463
493
489
517
513
539
536
559
556
578
573
590
589
603
600
614
611
621
618
624
622
629
624
628
625
623
620
619
616
610
606
599
596
585
583
568
566
548
547
529
525
506
501
482
479
452
450
422
421
390
388
359
357
323
321
285
284
251
248
211
211
172
173
133
131
93
93
51
52
10
11
-33
-31
-72
-71
-113
-112
-153
-151
-192
-190
-231
-231
-270
-269
-305
-304
-341
-338
-375
-372
-407
-404
-438
-435
-466
-465
-493
-490
-517
-512
-538
-536
-560
-556
-577
-573
-593
-588
-603
-602
-615
-611
-621
-619
-628
-622
-629
-625
-628
-624
-626
-622
-620
-615
-610
-606
-600
-595
-587
-582
-569
-566
-552
-547
-530
-525
-505
-504
-479
-475
-450
-447
-424
-420
-392
-389
-359
-357
-325
-321
-288
-285
-251
-248
-213
-212
-173
-173
-133
-133
-93
-93
-52
-52
-12
-11
29
31
70
72
111
109
152
151
192
191
230
230
269
267
306
304
342
338
374
373
408
403
438
435
465
464
495
491
517
515
540
539
560
557
578
575
593
588
607
603
616
615
623
619
629
625
631
627
630
627
627
624
619
618
611
609
600
598
587
583
571
568
551
549
529
526
505
504
482
480
452
451
424
422
392
390
360
358
324
323
289
286
252
251
210
210
172
172
132
134
92
92
52
53
10
11
-31
-29
-72
-71
-112
-111
-154
-151
-194
-191
-233
-231
-271
-269
-307
-305
-341
-341
-377
-373
-409
-405
-438
-437
-468
-465
-495
-491
-520
-516
-542
-539
-561
-558
-579
-576
-594
-590
-605
-603
-616
-615
-624
-620
-629
-624
-630
-628
-629
-627
-627
-623
-622
-616
-611
-608
-600
-597
-586
-585
-570
-568
-551
-548
-530
-527
-507
-505
-480
-478
-449
-447
-418
-415
-386
-385
-358
-357
-322
-319
-286
-285
-249
-249
-211
-208
-173
-171
-134
-132
-95
-92
-50
-52
-10
-10
30
31
71
71
112
112
153
153
192
191
232
229
269
268
306
305
341
341
374
373
406
406
437
437
466
465
494
492
518
516
543
538
562
558
578
576
595
592
605
604
617
613
625
621
628
626
631
628
629
628
625
624
621
617
612
609
601
599
587
585
569
569
552
551
531
528
506
505
483
482
456
456
426
425
393
391
359
359
324
324
288
288
252
250
212
212
174
175
134
134
90
90
50
50
11
11
-30
-30
-74
-72
-112
-113
-154
-153
-193
-192
-232
-232
-272
-269
-309
-305
-344
-341
-379
-374
-410
-405
-440
-437
-470
-466
-496
-493
-521
-516
-544
-538
-564
-559
-582
-576
-597
-592
-609
-605
-619
-615
-627
-623
-631
-627
-634
-628
-633
-628
-628
-625
-623
-619
-613
-611
-601
-599
-587
-584
-572
-567
-552
-548
-529
-527
-506
-506
-480
-477
-451
-447
-421
-419
-391
-387
-355
-354
-322
-320
-286
-284
-248
-245
-209
-208
-170
-169
-131
-130
-89
-87
-49
-46
-6
-5
36
36
76
76
116
117
157
157
197
197
237
235
274
274
310
310
346
344
380
379
415
410
444
442
472
469
499
496
524
522
546
543
565
563
582
581
598
596
608
605
619
615
626
624
630
628
632
629
633
629
628
626
625
622
615
614
606
604
591
589
577
576
560
558
535
532
512
508
488
486
457
455
430
428
397
394
363
358
329
327
293
292
253
253
213
214
174
173
135
134
92
93
55
54
11
11
-32
-32
-73
-70
-114
-111
-150
-149
-192
-191
-233
-231
-271
-268
-307
-305
-342
-340
-377
-375
-409
-407
-439
-438
-469
-468
-497
-494
-521
-518
-543
-540
-563
-561
-581
-579
-597
-595
-609
-606
-620
-616
-626
-624
-632
-629
-634
-632
-632
-630
-630
-626
-624
-621
-616
-613
-602
-600
-590
-587
-572
-571
-555
-551
-532
-530
-510
-508
-484
-481
-452
-449
-424
-422
-392
-389
-360
-358
-323
-323
-286
-287
-250
-250
-211
-210
-172
-170
-132
-131
-90
-90
-51
-50
-10
-10
33
31
73
72
114
112
152
152
193
193
233
231
272
268
309
305
345
342
377
375
410
407
441
437
468
465
497
494
522
519
543
540
563
560
581
578
597
593
609
606
619
617
626
622
633
629
634
628
632
629
630
626
623
620
613
613
603
600
590
586
572
571
552
551
532
530
507
505
482
482
456
455
426
424
394
392
362
358
326
323
289
288
252
251
215
212
175
173
133
133
92
91
53
52
9
9
-33
-31
-71
-69
-115
-112
-155
-155
-194
-194
-233
-230
-271
-270
-309
-306
-344
-341
-377
-376
-410
-407
-441
-437
-470
-468
-497
-495
-521
-519
-544
-542
-566
-562
-582
-579
-598
-593
-610
-607
-621
-617
-629
-626
-633
-630
-635
-632
-636
-630
-632
-627
-626
-622
-617
-612
-605
-601
-591
-588
-574
-572
-556
-552
-535
-531
-511
-511
-484
-481
-457
-453
-427
-424
-395
-392
-363
-361
-328
-327
-292
-291
-254
-252
-217
-214
-176
-175
-135
-135
-96
-94
-52
-50
-11
-10
31
30
73
70
114
113
153
153
193
192
233
230
271
269
309
306
342
340
377
376
411
409
441
440
470
468
497
495
520
520
544
540
564
562
583
580
598
595
608
606
619
617
628
624
633
630
633
632
634
632
632
628
624
622
616
612
604
601
590
587
575
572
556
551
532
531
510
507
484
482
457
455
425
426
394
394
361
361
327
327
289
289
252
252
214
215
175
175
133
134
92
94
51
52
9
11
-31
-30
-72
-73
-115
-113
-154
-152
-193
-191
-235
-233
-273
-270
-310
-307
-345
-342
-379
-375
-412
-408
-441
-439
-473
-467
-498
-495
-523
-520
-545
-542
-566
-562
-583
-580
-599
-595
-612
-608
-621
-618
-629
-626
-635
-630
-637
-632
-636
-631
-634
-630
-627
-623
-618
-614
-608
-603
-592
-589
-576
-571
-558
-553
-534
-532
-513
-507
-485
-480
-455
-454
-428
-426
-397
-393
-363
-361
-328
-326
-292
-289
-255
-252
-216
-215
-176
-174
-135
-134
-93
-94
-53
-52
-11
-10
30
30
71
73
114
114
154
153
195
193
235
233
272
271
309
309
345
342
379
376
412
409
442
442
472
470
499
497
525
522
546
544
567
565
585
583
599
598
613
610
622
619
629
628
636
632
637
635
638
634
633
630
626
626
618
616
609
604
591
590
575
573
556
555
535
533
510
509
486
484
462
461
430
429
397
397
362
361
327
325
291
290
252
253
213
213
174
173
133
133
91
92
51
52
10
11
-32
-31
-75
-73
-116
-116
-157
-154
-196
-194
-237
-233
-272
-271
-310
-307
-349
-346
-380
-378
-414
-412
-445
-443
-475
-472
-502
-496
-525
-521
-549
-545
-568
-565
-587
-582
-603
-600
-614
-611
-624
-622
-631
-629
-637
-633
-637
-633
-637
-633
-634
-631
-628
-624
-620
-616
-607
-604
-594
-591
-577
-573
-559
-555
-538
-534
-515
-512
-488
-484
-455
-453
-429
-425
-397
-396
-364
-362
-329
-327
-293
-291
-254
-253
-216
-215
-176
-176
-137
-136
-95
-93
-53
-54
-12
-10
32
32
75
74
116
116
159
159
200
199
236
236
275
272
314
312
351
347
384
382
415
412
444
443
475
474
502
500
527
524
552
548
570
568
588
587
604
600
617
613
627
623
634
630
638
635
641
638
641
638
636
634
629
628
621
619
611
609
598
595
580
577
560
558
539
537
513
511
491
489
462
460
432
431
402
400
366
365
332
331
293
293
255
255
216
217
175
176
136
136
93
94
54
55
14
14
-29
-28
-72
-71
-114
-112
-153
-154
-195
-193
-234
-232
-272
-270
-308
-307
-346
-344
-379
-375
-411
-408
-445
-445
-476
-473
-503
-501
-527
-524
-547
-546
-570
-565
-587
-582
-602
-599
-615
-611
-623
-619
-632
-628
-636
-633
-640
-633
-639
-635
-635
-630
-629
-623
-618
-615
-607
-602
-592
-589
-575
-572
-557
-553
-535
-532
-509
-509
-483
-480
-454
-451
-425
-424
-393
-393
-362
-358
-327
-323
-286
-285
-251
-248
-211
-208
-170
-169
-130
-129
-89
-87
-49
-48
-6
-7
36
37
78
79
119
118
159
159
201
199
240
239
278
277
315
314
351
348
386
385
418
415
449
446
478
476
505
503
530
528
554
551
574
570
591
590
605
602
616
613
628
624
635
631
639
636
640
638
639
635
636
631
630
627
621
617
609
607
598
596
580
579
560
559
541
537
518
516
492
489
461
460
431
428
398
396
365
362
329
328
293
291
254
255
215
215
175
175
134
134
95
93
52
52
10
11
-33
-32
-73
-73
-114
-115
-156
-156
-197
-195
-235
-235
-274
-273
-310
-309
-348
-347
-383
-380
-416
-412
-446
-443
-478
-475
-504
-502
-528
-525
-551
-548
-570
-567
-589
-586
-605
-600
-615
-613
-627
-624
-635
-632
-640
-636
-642
-637
-641
-637
-636
-634
-632
-627
-623
-620
-610
-607
-597
-592
-580
-577
-562
-557
-539
-536
-516
-513
-488
-485
-459
-456
-432
-429
-399
-398
-367
-363
-330
-328
-293
-292
-256
-255
-218
-214
-178
-176
-136
-134
-93
-95
-51
-52
-10
-11
30
32
73
72
116
114
156
155
196
194
236
234
273
272
310
309
347
345
383
380
415
412
446
444
474
472
501
498
528
524
548
546
569
567
587
584
603
600
615
612
626
623
633
632
637
635
641
638
640
636
636
632
629
627
621
617
611
607
596
593
579
576
558
557
537
534
515
512
491
487
460
458
430
427
398
396
365
363
329
328
292
291
254
253
216
215
176
174
135
135
95
93
52
53
10
11
-33
-32
-74
-73
-115
-114
-156
-155
-197
-196
-237
-236
-275
-274
-313
-311
-349
-347
-384
-381
-416
-413
-448
-446
-477
-475
-503
-500
-531
-526
-554
-550
-574
-568
-590
-586
-606
-603
-619
-614
-630
-624
-635
-632
-641
-638
-644
-639
-642
-638
-638
-636
-634
-628
-623
-622
-612
-609
-597
-594
-581
-579
-563
-560
-541
-538
-518
-514
-490
-487
-461
-459
-433
-430
-400
-400
-368
-365
-332
-331
-293
-293
-256
-255
-218
-216
-177
-176
-135
-136
-96
-93
-53
-53
-11
-12
32
31
74
74
115
114
157
156
196
197
236
235
274
274
313
312
349
346
384
381
417
415
447
445
477
476
503
501
529
526
552
548
572
568
589
585
604
602
618
613
628
624
635
632
640
637
641
639
641
637
637
635
632
630
622
620
611
608
596
594
581
577
562
560
539
538
516
513
490
488
462
460
431
428
399
397
366
363
329
328
292
290
253
252
215
214
176
174
134
134
93
92
50
51
9
9
-33
-33
-75
-74
-117
-116
-156
-157
-197
-197
-239
-237
-277
-275
-314
-313
-350
-348
-385
-382
-416
-416
-448
-447
-478
-476
-505
-503
-531
-528
-553
-552
-572
-570
-591
-587
-608
-607
-621
-618
-630
-627
-636
-633
-642
-640
-645
-641
-644
-641
-640
-639
-634
-632
-625
-622
-612
-612
-599
-598
-584
-582
-565
-562
-543
-540
-518
-516
-490
-488
-463
-460
-434
-432
-401
-398
-367
-366
-331
-331
-296
-292
-255
-255
-217
-218
-177
-178
-137
-136
-95
-95
-52
-54
-10
-12
32
31
74
71
116
114
156
156
197
195
238
235
276
274
313
312
350
347
385
381
418
414
449
445
478
474
505
502
530
527
555
550
573
569
593
588
608
604
619
614
630
626
636
634
643
638
644
640
644
640
640
636
633
629
624
621
613
609
600
595
582
580
563
560
540
539
516
513
493
490
464
462
431
430
400
398
366
364
331
328
294
292
257
254
217
214
175
175
134
134
94
92
52
52
9
10
-34
-33
-75
-77
-118
-116
-158
-158
-200
-197
-238
-237
-276
-277
-316
-313
-351
-349
-386
-385
-419
-417
-449
-448
-478
-477
-506
-506
-531
-528
-552
-549
-571
-569
-588
-585
-601
-599
-615
-615
-630
-626
-633
-630
-638
-634
-639
-636
-640
-637
-633
-629
-629
-627
-623
-620
-611
-609
-596
-593
-581
-577
-561
-558
-538
-536
-512
-510
-486
-482
-458
-455
-426
-424
-393
-393
-364
-361
-327
-326
-291
-290
-255
-253
-216
-214
-176
-174
-134
-134
-93
-94
-52
-52
-9
-9
33
33
76
74
116
115
158
158
199
196
238
238
278
275
315
313
352
348
386
384
421
416
451
449
481
476
508
504
533
529
557
552
578
573
596
592
610
608
624
620
634
632
642
640
646
642
648
644
647
642
643
641
636
634
628
625
617
615
602
601
585
582
567
564
545
543
520
517
494
493
470
465
439
437
407
406
369
368
331
330
293
293
257
255
216
215
176
175
135
133
93
93
51
50
9
10
-32
-34
-77
-75
-118
-116
-159
-158
-200
-198
-239
-238
-279
-277
-317
-314
-352
-351
-388
-386
-421
-417
-450
-448
-480
-478
-508
-505
-534
-531
-558
-553
-576
-573
-595
-591
-609
-607
-623
-619
-633
-629
-641
-638
-644
-639
-648
-646
-649
-646
-645
-642
-638
-633
-628
-625
-617
-613
-603
-599
-585
-583
-568
-562
-545
-541
-521
-518
-493
-489
-461
-459
-433
-430
-400
-399
-366
-365
-330
-328
-292
-292
-254
-253
-216
-214
-174
-174
-135
-134
-93
-93
-50
-50
-8
-9
33
32
75
75
117
116
159
158
200
199
239
239
280
275
316
313
351
350
387
385
422
418
454
449
484
480
510
506
533
530
557
553
577
573
596
593
611
608
623
622
634
632
641
640
647
645
649
646
647
643
645
642
637
635
632
628
622
617
605
602
587
584
566
565
548
546
522
519
495
492
465
463
435
431
404
399
367
366
332
329
294
293
256
254
216
215
176
176
135
134
91
94
51
51
8
9
-33
-33
-77
-74
-120
-116
-160
-158
-201
-199
-241
-240
-280
-277
-317
-315
-354
-352
-388
-385
-422
-418
-453
-450
-483
-479
-509
-506
-534
-531
-558
-554
-579
-574
-597
-593
-611
-610
-626
-621
-636
-632
-643
-639
-648
-643
-648
-647
-647
-644
-646
-640
-641
-639
-631
-626
-619
-615
-604
-599
-586
-583
-567
-563
-545
-542
-520
-518
-495
-491
-465
-462
-433
-431
-403
-400
-368
-367
-334
-331
-298
-294
-258
-256
-218
-216
-178
-178
-138
-138
-98
-96
-54
-54
-11
-10
31
30
74
71
116
115
157
157
198
198
237
236
278
275
315
311
351
349
386
385
420
416
451
448
478
477
506
504
532
530
556
553
577
574
594
590
611
606
622
619
632
631
642
637
646
643
648
645
646
643
643
640
638
635
628
624
618
615
603
597
587
583
567
563
545
541
520
518
496
492
471
469
439
438
404
404
370
367
335
334
298
296
264
262
224
222
181
178
136
137
95
94
53
53
10
9
-32
-34
-74
-74
-117
-116
-158
-158
-199
-198
-239
-237
-278
-277
-318
-315
-354
-351
-388
-386
-421
-420
-453
-451
-483
-479
-509
-509
-535
-534
-559
-555
-579
-576
-597
-593
-614
-610
-626
-622
-636
-634
-643
-641
-649
-646
-652
-648
-652
-647
-647
-644
-641
-638
-631
-627
-621
-616
-608
-604
-589
-588
-570
-568
-547
-545
-523
-521
-497
-493
-467
-466
-439
-436
-406
-406
-372
-370
-336
-335
-299
-296
-258
-259
-219
-219
-180
-178
-139
-138
-96
-96
-54
-55
-10
-13
33
30
73
74
116
115
157
156
200
198
240
235
280
276
317
313
353
349
388
383
420
417
452
449
481
479
510
507
533
530
556
554
578
575
598
593
611
608
625
620
634
631
644
638
647
644
648
645
649
645
645
643
640
636
630
625
619
616
604
600
588
583
568
565
546
544
521
519
496
493
468
465
436
433
403
401
370
368
333
331
296
294
259
256
217
217
179
177
136
135
95
94
53
51
9
8
-34
-34
-76
-76
-118
-116
-159
-159
-201
-200
-241
-238
-278
-278
-317
-317
-353
-354
-389
-387
-423
-421
-454
-452
-483
-481
-510
-509
-536
-534
-559
-557
-580
-577
-598
-596
-613
-612
-628
-625
-639
-635
-645
-643
-650
-648
-651
-650
-650
-649
-649
-645
-641
-639
-632
-630
-622
-618
-606
-603
-590
-587
-573
-571
-549
-547
-526
-522
-497
-496
-466
-465
-435
-435
-404
-402
-371
-372
-335
-335
-299
-298
-259
-260
-220
-220
-180
-180
-139
-139
-97
-97
-55
-54
-11
-13
31
30
74
73
117
115
160
157
200
198
240
237
279
276
316
314
353
351
389
384
422
419
454
450
482
480
510
506
535
533
558
556
579
576
597
595
614
611
627
622
637
633
644
641
650
645
650
647
651
648
646
643
641
637
632
629
620
616
606
602
589
586
570
567
548
545
522
521
498
496
470
466
437
434
404
403
370
368
334
