1651 9 80008fa0 0 1396 9
-973
-977
-1114
-1120
-1250
-1257
-1385
-1390
-1514
-1519
-1636
-1642
-1752
-1760
-1866
-1873
-1970
-1980
-2070
-2080
-2162
-2170
-2248
-2257
-2328
-2336
-2398
-2405
-2457
-2467
-2513
-2522
-2558
-2568
-2596
-2606
-2624
-2633
-2645
-2654
-2656
-2665
-2659
-2666
-2652
-2659
-2638
-2645
-2612
-2621
-2581
-2588
-2540
-2547
-2490
-2498
-2431
-2438
-2365
-2372
-2293
-2298
-2211
-2217
-2121
-2127
-2026
-2032
-1924
-1929
-1815
-1819
-1699
-1704
-1579
-1583
-1454
-1457
-1321
-1326
-1189
-1190
-1049
-1051
-907
-909
-762
-761
-614
-614
-464
-464
-311
-312
-159
-159
-8
-6
146
147
299
302
450
453
602
603
749
752
895
898
1036
1042
1176
1182
1309
1317
1441
1449
1567
1576
1689
1695
1805
1812
1914
1922
2017
2025
2113
2121
2202
2211
2284
2293
2359
2368
2426
2434
2485
2494
2532
2543
2577
2586
2611
2619
2635
2644
2651
2660
2660
2666
2658
2666
2647
2655
2628
2635
2600
2606
2563
2571
2518
2526
2464
2471
2404
2410
2334
2340
2257
2262
2173
2178
2081
2086
1983
1986
1877
1880
1765
1768
1647
1650
1524
1527
1396
1398
1263
1266
1126
1128
985
987
843
843
697
697
548
547
399
395
247
244
91
91
-61
-63
-214
-216
-365
-369
-516
-522
-665
-671
-812
-817
-955
-960
-1099
-1103
-1236
-1241
-1367
-1376
-1497
-1504
-1622
-1628
-1741
-1746
-1852
-1860
-1959
-1967
-2060
-2067
-2153
-2160
-2237
-2247
-2316
-2326
-2388
-2397
-2450
-2460
-2504
-2515
-2552
-2562
-2590
-2599
-2619
-2629
-2640
-2650
-2653
-2662
-2655
-2664
-2650
-2659
-2636
-2645
-2613
-2621
-2581
-2590
-2541
-2548
-2492
-2500
-2435
-2442
-2369
-2378
-2297
-2303
-2217
-2224
-2129
-2135
-2032
-2039
-1931
-1938
-1824
-1829
-1709
-1714
-1589
-1593
-1464
-1469
-1335
-1337
-1198
-1202
-1061
-1064
-920
-921
-774
-774
-627
-627
-476
-478
-326
-324
-173
-171
-19
-19
133
134
285
287
436
441
588
591
734
739
881
886
1029
1028
1165
1168
1297
1304
1430
1437
1555
1563
1678
1686
1795
1801
1904
1911
2008
2016
2105
2111
2194
2202
2278
2285
2351
2360
2418
2426
2479
2487
2530
2538
2573
2580
2607
2613
2631
2641
2648
2657
2658
2665
2655
2664
2646
2654
-2474
-2485
-2525
-2536
2565
2572
2520
2529
2468
2474
2407
2413
2338
2345
2262
2267
2177
2182
2087
2092
1988
1993
1884
1887
1774
1777
1657
1660
1536
1536
1407
1408
1275
1276
1136
1137
996
997
853
854
709
707
559
558
408
407
257
255
105
102
-48
-52
-202
-206
-354
-358
-506
-510
-655
-659
-802
-807
-946
-952
-1087
-1094
-1227
-1233
-1360
-1367
-1489
-1496
-1613
-1620
-1733
-1741
-1847
-1855
-1953
-1961
-2055
-2062
-2147
-2156
-2233
-2242
-2313
-2321
-2386
-2395
-2448
-2458
-2503
-2513
-2552
-2561
-2591
-2599
-2621
-2630
-2642
-2651
-2656
-2663
-2659
-2668
-2653
-2662
-2640
-2649
-2617
-2627
-2587
-2596
-2546
-2555
-2499
-2508
-2444
-2451
-2378
-2385
-2306
-2313
-2225
-2232
-2138
-2145
-2044
-2049
-1942
-1948
-1837
-1841
-1722
-1727
-1602
-1606
-1479
-1481
-1348
-1352
-1216
-1216
-1075
-1078
-936
-936
-791
-791
-642
-643
-494
-492
-342
-341
-188
-188
-36
-35
116
119
270
272
421
424
571
575
720
723
867
870
1010
1014
1152
1155
1284
1290
1416
1422
1545
1551
1666
1673
1784
1789
1893
1901
1996
2006
2096
2103
2184
2194
2269
2277
2347
2353
2411
2422
2472
2482
2526
2533
2569
2578
2603
2613
2630
2640
2648
2657
2657
2665
2656
2665
2649
2658
2629
2639
2604
2612
2569
2578
2526
2534
2475
2481
2415
2421
2346
2352
2271
2277
2187
2193
2097
2101
1998
2004
1894
1899
1784
1788
1667
1672
1547
1548
1419
1421
1288
1288
1152
1153
1010
1012
868
868
722
722
575
573
424
423
271
270
121
118
-34
-36
-187
-190
-339
-343
-491
-495
-638
-645
-788
-793
-931
-937
-1073
-1079
-1213
-1218
-1346
-1352
-1476
-1482
-1601
-1607
-1720
-1727
-1834
-1841
-1940
-1949
-2044
-2051
-2138
-2145
-2224
-2234
-2305
-2313
-2378
-2386
-2442
-2451
-2498
-2507
-2547
-2555
-2586
-2595
-2617
-2627
-2641
-2649
-2653
-2662
-2658
-2667
-2654
-2663
-2642
-2649
-2621
-2629
-2591
-2598
-2552
-2558
-2505
-2511
-2449
-2455
-2385
-2391
-2314
-2319
-2232
-2239
-2147
-2153
-2053
-2058
-1952
-1958
-1845
-1849
-1732
-1736
-1613
-1617
-1489
-1491
-1361
-1361
-1225
-1227
-1088
-1089
-947
-947
-802
-801
-655
-656
-505
-505
-354
-354
-203
-202
-49
-48
103
106
254
259
408
410
559
563
707
712
855
858
998
1002
1140
1143
1275
1278
1406
1412
1533
1540
1656
1662
1772
1779
1882
1891
1987
1997
2086
2094
2178
2186
2262
2269
2339
2348
2407
2416
2467
2476
2521
2530
2567
2574
2603
2610
2629
2636
2648
2657
2658
2666
2658
2666
2650
2658
2633
2641
2607
2615
2573
2581
2533
2539
2481
2488
2421
2428
2353
2360
2279
2284
2195
2202
2106
2111
2009
2015
1906
1911
1795
1799
1677
1683
1557
1562
1433
1434
1299
1301
1164
1166
1025
1026
883
882
737
735
588
587
439
436
287
284
134
131
-20
-22
-171
-175
-325
-328
-475
-480
-624
-629
-773
-779
-918
-922
-1060
-1066
-1198
-1204
-1334
-1340
-1463
-1470
-1587
-1595
-1706
-1717
-1822
-1831
-1931
-1940
-2031
-2040
-2128
-2136
-2215
-2225
-2295
-2306
-2368
-2379
-2435
-2444
-2492
-2502
-2541
-2550
-2582
-2592
-2614
-2624
-2637
-2646
-2651
-2660
-2658
-2666
-2653
-2664
-2642
-2652
-2623
-2630
-2592
-2602
-2555
-2564
-2509
-2516
-2454
-2462
-2390
-2399
-2320
-2328
-2241
-2248
-2155
-2163
-2063
-2068
-1963
-1968
-1857
-1861
-1744
-1749
-1626
-1630
-1502
-1505
-1373
-1375
-1239
-1241
-1102
-1104
-962
-962
-818
-818
-671
-670
-520
-519
-369
-369
-217
-217
-65
-63
87
91
240
244
393
397
544
547
692
696
839
844
983
987
1126
1129
1261
1266
1392
1399
1522
1528
1643
1651
1762
1768
1872
1879
1977
1987
2078
2086
2166
2177
2253
2263
2332
2339
2399
2409
2460
2470
2515
2523
2560
2568
2596
2605
2625
2633
2644
2652
2654
2662
2655
2663
2647
2656
2632
2640
2607
2616
2574
2582
2533
2541
2482
2489
2424
2430
2355
2363
2284
2289
2203
2207
2114
2118
2015
2022
1913
1919
1804
1809
1690
1693
1570
1571
1443
1445
1310
1315
1178
1177
1037
1037
894
896
751
749
600
600
452
450
300
298
147
145
-6
-9
-159
-162
-310
-315
-463
-467
-612
-617
-760
-766
-905
-911
-1048
-1054
-1186
-1193
-1322
-1329
-1453
-1460
-1579
-1585
-1699
-1707
-1814
-1822
-1924
-1931
-2026
-2033
-2121
-2129
-2210
-2219
-2292
-2300
-2364
-2373
-2430
-2440
-2488
-2498
-2538
-2547
-2579
-2588
-2613
-2622
-2635
-2645
-2651
-2660
-2658
-2667
-2656
-2664
-2644
-2653
-2624
-2632
-2596
-2604
-2558
-2567
-2514
-2521
-2459
-2466
-2398
-2404
-2326
-2333
-2248
-2255
-2164
-2168
-2072
-2077
-1972
-1976
-1866
-1870
-1754
-1758
-1637
-1639
-1512
-1515
-1384
-1387
-1251
-1254
-1114
-1116
-973
-975
-829
-830
-682
-683
-534
-533
-383
-382
-231
-231
-79
-77
74
77
228
230
379
382
531
534
680
683
828
831
967
976
1109
1115
1250
1256
1382
1387
1510
1516
1634
1641
1752
1760
1862
1870
1970
1977
2069
2077
2162
2169
2246
2256
2325
2334
2396
2405
2456
2466
2511
2521
2556
2566
2595
2604
2623
2633
2643
2653
2656
2664
2658
2666
2652
2659
2637
2644
2612
2620
2581
2588
2538
2546
2490
2497
2432
2439
2365
2373
2292
2299
2211
2218
2123
2128
2027
2031
1924
1928
1815
1820
1700
1705
1581
1583
1455
1456
1325
1327
1192
1192
1051
1052
908
911
764
764
616
615
466
465
314
314
163
161
8
6
-144
-147
-297
-299
-450
-452
-599
-601
-745
-749
-892
-897
-1034
-1040
-1173
-1178
-1307
-1315
-1439
-1444
-1565
-1572
-1687
-1694
-1802
-1810
-1912
-1919
-2015
-2023
-2111
-2119
-2201
-2210
-2282
-2292
-2357
-2366
-2423
-2433
-2481
-2492
-2533
-2543
-2574
-2584
-2608
-2618
-2633
-2643
-2650
-2658
-2656
-2666
-2655
-2665
-2645
-2655
-2625
-2634
-2597
-2606
-2562
-2570
-2516
-2523
-2462
-2470
-2401
-2409
-2332
-2339
-2257
-2262
-2171
-2177
-2080
-2083
-1979
-1985
-1874
-1879
-1763
-1767
-1646
-1650
-1524
-1525
-1395
-1397
-1263
-1265
-1128
-1128
-988
-986
-842
-842
-695
-695
-546
-545
-396
-394
-244
-242
-92
-90
61
65
214
218
366
370
517
521
667
671
815
819
958
963
1098
1106
1236
1244
1370
1376
1499
1505
1622
1630
1742
1748
1854
1861
1960
1967
2060
2068
2154
2162
2240
2248
2320
2328
2390
2398
2453
2462
2508
2517
2554
2564
2594
2603
2622
2631
2644
2652
2657
2665
2659
2668
2654
2662
2639
2647
2617
2624
2585
2593
2543
2553
2496
2504
2439
2448
2373
2381
2300
2308
2219
2227
2131
2138
2036
2042
1934
1940
1828
1831
1713
1717
1593
1596
1469
1469
1338
1341
1204
1205
1063
1066
924
923
779
778
630
630
482
481
329
328
178
176
23
22
-128
-132
-281
-285
-433
-436
-584
-588
-731
-736
-877
-883
-1020
-1026
-1160
-1166
-1295
-1303
-1427
-1435
-1553
-1561
-1675
-1684
-1790
-1799
-1900
-1910
-2005
-2014
-2102
-2111
-2192
-2201
-2276
-2284
-2350
-2360
-2417
-2426
-2477
-2486
-2529
-2538
-2571
-2581
-2606
-2615
-2632
-2641
-2649
-2658
-2658
-2665
-2656
-2665
-2648
-2656
-2628
-2638
-2603
-2610
-2567
-2575
-2523
-2531
-2470
-2478
-2410
-2416
-2343
-2348
-2264
-2270
-2181
-2187
-2091
-2095
-1993
-1997
-1887
-1891
-1776
-1780
-1660
-1663
-1537
-1541
-1410
-1411
-1279
-1280
-1142
-1142
-1001
-1002
-857
-858
-711
-711
-564
-562
-412
-411
-261
-258
-107
-106
45
47
199
200
351
353
501
506
651
655
800
802
943
948
1084
1089
1222
1229
1355
1361
1485
1491
1609
1615
1726
1735
1843
1848
1949
1955
2049
2057
2142
2151
2229
2238
2309
2316
2381
2389
2445
2454
2498
2508
2547
2555
2588
2596
2616
2627
2639
2648
2650
2662
2658
2666
2651
2660
2638
2646
2617
2623
2585
2593
2545
2553
2499
2506
2441
2449
2377
2384
2306
2312
2225
2232
2137
2144
2044
2049
1943
1948
1835
1840
1722
1725
1603
1605
1477
1481
1346
1352
1216
1217
1075
1076
933
936
791
791
642
642
492
491
341
341
189
188
35
34
-116
-119
-268
-274
-422
-426
-572
-575
-721
-725
-866
-871
-1008
-1013
-1148
-1155
-1286
-1290
-1417
-1423
-1543
-1550
-1667
-1673
-1782
-1789
-1893
-1900
-1997
-2005
-2094
-2102
-2184
-2194
-2268
-2277
-2344
-2353
-2412
-2421
-2473
-2481
-2524
-2533
-2568
-2577
-2603
-2613
-2629
-2639
-2649
-2656
-2656
-2666
-2656
-2666
-2646
-2656
-2631
-2639
-2604
-2612
-2568
-2578
-2526
-2533
-2475
-2482
-2415
-2421
-2346
-2353
-2271
-2277
-2189
-2193
-2097
-2102
-2000
-2005
-1895
-1900
-1784
-1790
-1669
-1674
-1547
-1551
-1420
-1423
-1288
-1291
-1154
-1155
-1013
-1013
-869
-870
-724
-723
-576
-576
-426
-425
-272
-272
-121
-120
32
35
185
188
338
341
489
494
638
643
786
790
928
935
1069
1079
1210
1218
1344
1351
1475
1481
1600
1608
1719
1727
1833
1841
1941
1948
2042
2050
2135
2145
2223
2234
2303
2313
2377
2386
2441
2450
2497
2506
2545
2554
2586
2595
2617
2625
2639
2649
2652
2663
2659
2667
2655
2664
2642
2650
2619
2629
2589
2599
2550
2559
2503
2511
2448
2455
2384
2391
2312
2320
2234
2240
2148
2154
2053
2061
1955
1958
1847
1851
1735
1738
1616
1619
1489
1494
1362
1365
1229
1232
1093
1092
950
951
808
806
657
657
508
507
358
356
206
204
51
49
-100
-104
-254
-256
-405
-408
-556
-561
-705
-710
-850
-856
-994
-1000
-1135
-1141
-1271
-1278
-1402
-1411
-1531
-1539
-1654
-1661
-1771
-1778
-1882
-1891
-1988
-1995
-2086
-2094
-2177
-2185
-2260
-2269
-2338
-2346
-2408
-2416
-2468
-2477
-2521
-2529
-2565
-2574
-2600
-2610
-2627
-2636
-2647
-2656
-2657
-2666
-2657
-2666
-2650
-2657
-2634
-2642
-2606
-2615
-2574
-2582
-2531
-2538
-2479
-2487
-2421
-2427
-2353
-2359
-2280
-2285
-2195
-2203
-2106
-2111
-2009
-2013
-1906
-1910
-1795
-1800
-1681
-1684
-1560
-1562
-1432
-1436
-1301
-1303
-1165
-1168
-1028
-1028
-885
-884
-739
-737
-590
-589
-441
-439
-288
-286
-135
-134
18
21
170
173
321
326
475
478
625
628
772
776
917
922
1057
1064
1198
1202
1334
1339
1464
1470
1588
1595
1709
1715
1823
1829
1932
1940
2033
2041
2129
2137
2217
2224
2296
2306
2371
2379
2436
2444
2494
2503
2542
2551
2582
2592
2614
2624
2639
2646
2652
2661
2661
2667
2656
2665
2643
2652
2623
2630
2593
2601
2554
2563
2508
2516
2454
2461
2390
2399
2320
2327
2241
2248
2156
2162
2063
2068
1963
1968
1855
1860
1743
1747
1624
1629
1501
1504
1374
1375
1240
1241
1104
1104
962
962
819
817
668
669
520
520
371
370
219
217
63
63
-88
-90
-240
-243
-391
-396
-543
-547
-690
-697
-836
-841
-981
-986
-1122
-1128
-1259
-1265
-1392
-1398
-1521
-1527
-1643
-1649
-1760
-1767
-1872
-1879
-1978
-1985
-2076
-2084
-2169
-2177
-2253
-2261
-2331
-2339
-2400
-2409
-2462
-2471
-2514
-2525
-2561
-2570
-2597
-2607
-2626
-2635
-2646
-2655
-2655
-2665
-2658
-2666
-2651
-2659
-2636
-2643
-2611
-2619
-2576
-2585
-2535
-2543
-2486
-2494
-2426
-2434
-2362
-2367
-2286
-2293
-2206
-2211
-2116
-2121
-2021
-2025
-1918
-1922
-1808
-1811
-1692
-1695
-1571
-1573
-1446
-1447
-1313
-1315
-1180
-1180
-1039
-1042
-898
-898
-752
-752
-604
-604
-455
-454
-302
-301
-149
-148
3
5
156
159
309
312
461
464
610
614
757
762
901
907
1045
1051
1183
1191
1322
1326
1450
1457
1575
1582
1694
1703
1810
1818
1920
1928
2021
2031
2118
2127
2207
2217
2288
2298
2361
2371
2429
2437
2487
2497
2536
2547
2577
2587
2611
2621
2636
2645
2650
2660
2659
2665
2656
2663
2645
2653
2625
2633
2597
2605
2562
2568
2514
2520
2461
2467
2399
2406
2327
2335
2250
2255
2165
2172
2073
2079
1973
1978
1867
1872
-2516
-2523
-2462
-2470
-2401
-2409
-2332
-2339
-2257
-2262
-2171
-2177
-2080
-2083
-1979
-1985
-1874
-1879
-1763
-1767
-1646
-1650
-1524
-1525
-1395
-1397
-1263
-1265
-1128
-1128
-988
-986
-842
-842
-695
-695
-546
-545
-396
-394
-244
-242
-92
-90
61
65
214
218
366
370
517
521
667
671
815
819
958
963
1098
1106
1236
1244
1370
1376
1499
1505
1622
1630
1742
1748
1854
1861
1960
1967
2060
2068
2154
2162
2240
2248
2320
2328
2390
2398
2453
2462
2508
2517
2554
2564
2594
2603
2622
2631
2644
2652
2657
2665
2659
2668
2654
2662
2639
2647
2617
2624
2585
2593
2543
2553
2496
2504
2439
2448
2373
2381
2300
2308
2219
2227
2131
2138
2036
2042
1934
1940
1828
1831
1713
1717
1593
1596
1469
1469
1338
1341
1204
1205
1063
1066
924
923
779
778
630
630
482
481
329
328
178
176
23
22
-128
-132
-281
-285
-433
-436
-584
-588
-731
-736
-877
-883
-1020
-1026
-1160
-1166
-1295
-1303
-1427
-1435
-1553
-1561
2483
2492
2533
2542
2575
2583
2607
2617
2633
2642
2650
2658
2656
2666
2656
2664
2643
2653
2624
2635
2597
2605
2562
2571
2518
2524
2464
2471
2403
2410
2335
2340
2258
2263
2171
2178
2079
2086
1981
1987
1876
1881
1767
1770
1648
1653
1525
1530
1398
1400
1265
1267
1132
1131
991
989
846
845
698
698
551
549
400
398
248
245
96
93
-58
-61
-212
-215
-364
-367
-515
-518
-663
-669
-810
-816
-955
-960
-1096
-1102
-1233
-1239
-1369
-1374
-1497
-1503
-1621
-1628
-1740
-1748
-1852
-1861
-1960
-1966
-2059
-2067
-2153
-2162
-2239
-2248
-2319
-2326
-2389
-2396
-2452
-2460
-2507
-2515
-2554
-2563
-2592
-2601
-2623
-2630
-2642
-2651
-2655
-2663
-2658
-2667
-2652
-2661
-2639
-2647
-2615
-2624
-2584
-2591
-2543
-2552
-2494
-2502
-2439
-2445
-2373
-2379
-2300
-2306
-2221
-2224
-2134
-2138
-2036
-2042
-1934
-1940
-1827
-1832
-1714
-1717
-1593
-1596
-1469
-1471
-1340
-1341
-1206
-1206
-1066
-1067
-923
-924
-781
-779
-631
-631
-482
-482
-332
-330
-179
-176
-26
-23
128
129
280
283
433
436
582
586
731
736
876
882
1019
1027
1158
1167
1295
1302
1426
1433
1552
1561
1674
1683
1792
1798
1900
1910
2004
2014
2102
2109
2193
2200
2275
2283
2348
2359
2416
2426
2477
2486
2528
2537
2571
2579
2605
2615
2631
2641
2649
2658
2657
2666
2657
2665
2647
2654
2626
2636
2601
2609
2566
2575
2523
2532
2469
2477
2409
2416
2341
2347
2261
2270
2178
2185
2088
2094
1990
1996
1885
1891
1775
1780
1658
1663
1536
1540
1408
1412
1278
1281
1139
1143
1003
1002
856
858
711
711
562
562
411
413
261
260
109
107
-45
-48
-199
-201
-350
-353
-501
-505
-650
-654
-798
-803
-943
-947
-1084
-1089
-1221
-1228
-1355
-1363
-1485
-1491
-1610
-1615
-1728
-1735
-1843
-1850
-1949
-1958
-2051
-2057
-2145
-2153
-2231
-2240
-2310
-2319
-2382
-2390
-2447
-2455
-2503
-2511
-2551
-2558
-2587
-2598
-2619
-2628
-2642
-2650
-2654
-2662
-2660
-2667
-2654
-2662
2441
2450
2497
2506
2545
2554
2586
2595
2617
2625
2639
2649
2652
2663
2659
2667
-2229
-2234
-2141
-2146
-2046
-2051
-1945
-1950
-1837
-1842
-1723
-1728
-1605
-1609
-1479
-1482
-1351
-1353
-1217
-1218
-1079
-1080
-938
-938
-794
-793
-646
-645
-495
-493
-345
-343
-192
-190
-39
-36
114
118
267
270
418
422
569
572
716
721
862
868
1005
1013
1146
1154
1280
1287
1412
1420
1541
1549
1663
1671
1778
1788
1890
1898
1996
2004
2093
2102
2183
2193
2268
2277
2345
2353
2412
2421
2472
2481
2525
2535
2568
2578
2602
2614
2630
2640
2649
2658
2658
2668
2657
2666
2648
2658
2630
2640
2604
2614
2571
2579
2529
2535
2476
2484
2415
2423
2350
2355
2273
2280
2191
2195
2100
2104
2002
2008
1898
1903
1787
1791
1672
1675
1549
1554
1423
1426
1290
1294
1154
1156
1016
1016
872
873
726
725
577
577
427
425
276
274
121
122
-29
-33
-182
-186
-336
-339
-485
-490
-636
-640
-784
-788
-928
-933
-1070
-1076
-1210
-1213
-1342
-1349
-1472
-1480
-1597
-1604
-1716
-1724
-1830
-1838
-1939
-1946
-2039
-2048
-2132
-2143
-2221
-2231
-2302
-2311
-2376
-2383
-2440
-2449
-2497
-2507
-2543
-2554
-2582
-2594
-2615
-2625
-2639
-2647
-2652
-2660
-2656
-2666
-2653
-2662
-2640
-2650
-2620
-2627
-2590
-2596
-2551
-2558
-2504
-2512
-2449
-2456
-2385
-2392
-2315
-2321
-2236
-2241
-2149
-2154
-2055
-2059
-1955
-1960
-1848
-1852
-1735
-1738
-1617
-1620
-1491
-1494
-1363
-1365
-1228
-1232
-1091
-1093
-948
-951
-806
-806
-658
-658
-509
-509
-358
-357
-205
-204
-54
-51
100
102
253
256
407
409
555
559
705
709
849
855
991
998
1134
1139
1271
1276
1404
1409
1528
1537
1653
1662
1772
1778
1882
1889
1987
1994
2085
2092
2175
2184
2259
2268
2337
2346
2404
2415
2466
2476
2519
2529
2563
2574
2601
2610
2627
2636
2646
2655
2657
2664
2656
2665
2649
2657
2633
2642
2607
2616
2575
2581
2531
2538
2481
2488
2422
2429
2353
2361
2279
2286
2198
2204
2108
2113
2011
2016
1906
1913
1796
1801
1680
1686
1562
1564
1435
1438
1303
1305
1165
1169
1028
1029
885
887
738
740
592
590
442
440
289
289
136
135
-16
-18
-169
-171
-321
-325
-474
-476
-622
-626
-769
-774
-916
-920
-1058
-1062
-1196
-1201
-1331
-1337
-1461
-1467
-1587
-1593
-1705
-1714
-1820
-1828
-1930
-1937
-2031
-2039
-2125
-2134
-2215
-2223
-2296
-2304
-2369
-2377
-2434
-2442
-2491
-2500
-2540
-2549
-2582
-2591
-2613
-2623
-2638
-2647
-2651
-2659
-2658
-2664
-2655
-2663
-2642
-2650
-2622
-2629
-2593
-2600
-2556
-2563
-2510
-2516
-2454
-2460
-2392
-2398
-2321
-2327
-2242
-2249
-2158
-2162
-2065
-2070
-1965
-1970
-1858
-1862
-1747
-1750
-1628
-1632
-1504
-1508
-1375
-1378
-1242
-1244
-1104
-1106
-962
-965
-821
-820
-672
-672
-523
-522
-371
-371
-220
-219
-68
-65
86
89
240
242
980
977
833
831
691
696
835
842
979
986
1121
1126
1257
1264
1391
1398
1519
1526
1641
1649
1760
1768
1871
1879
1977
1986
2076
2085
2167
2177
2253
2263
2329
2339
2400
2409
2461
2470
2516
2525
2561
2570
2598
2607
2626
2634
2644
2653
2656
2665
2657
2667
2649
2659
2634
2644
2610
2618
2576
2586
2534
2543
2485
2493
2426
2433
2359
2367
2285
2292
2203
2210
2114
2121
2018
2025
1916
1920
1807
1811
1693
1696
1569
1574
1445
1449
1315
1318
1178
1182
1041
1043
896
899
751
753
606
604
454
454
302
303
149
148
-4
-5
-155
-157
-309
-312
-460
-464
-610
-613
-757
-762
-903
-907
-1046
-1050
-1185
-1191
-1320
-1325
-1448
-1455
-1577
-1582
-1697
-1703
-1811
-1819
-1922
-1928
-2024
-2030
-2118
-2128
-2207
-2216
-2289
-2298
-2364
-2372
-2429
-2438
-2487
-2496
-2538
-2546
-2580
-2588
-2612
-2620
-2637
-2645
-2652
-2660
-2659
-2666
-2657
-2664
-2646
-2654
-2627
-2633
-2597
-2605
-2560
-2568
-2515
-2521
-2461
-2467
-2398
-2404
-2329
-2335
-2251
-2256
-2165
-2171
-2074
-2077
-1975
-1980
-1869
-1873
-1757
-1760
-1641
-1643
-1517
-1518
-1387
-1390
-1255
-1255
-1118
-1118
-978
-979
-833
-834
-688
-687
-538
-537
-387
-385
-235
-233
-84
-80
70
74
224
227
375
379
526
531
676
680
822
827
970
972
1110
1112
1243
1251
1376
1386
1505
1513
1630
1638
1748
1757
1860
1868
1968
1975
2067
2075
2160
2169
2245
2254
2323
2332
2394
2403
2456
2466
2511
2520
2556
2567
2594
2605
2623
2633
2643
2654
2655
2665
2658
2667
2653
2661
2637
2645
2614
2623
2581
2590
2541
2548
2491
2498
2433
2442
2367
2375
2295
2301
2215
2221
2125
2132
2030
2036
1927
1933
1820
1824
1704
1709
1584
1588
1458
1461
1328
1331
1192
1195
1052
1056
912
913
768
767
619
620
469
469
320
317
165
164
13
11
-140
-143
-292
-295
-444
-448
-595
-599
-742
-746
-887
-894
-1031
-1036
-1170
-1175
-1305
-1311
-1436
-1442
-1563
-1569
-1685
-1690
-1799
-1807
-1910
-1917
-2013
-2021
-2107
-2117
-2197
-2207
-2280
-2290
-2356
-2364
-2423
-2431
-2480
-2491
-2533
-2542
-2574
-2584
-2608
-2618
-2634
-2642
-2650
-2659
-2656
-2667
-2655
-2664
-2646
-2655
-2627
-2635
-2599
-2608
-2562
-2571
-2517
-2525
-2465
-2471
-2404
-2410
-2334
-2341
-2258
-2264
-2172
-2180
-2081
-2087
-1982
-1988
-1877
-1884
-1767
-1772
-1649
-1653
-1526
-1531
-1400
-1402
-1266
-1268
-1130
-1131
-990
-991
-846
-846
-698
-699
-551
-551
-399
-398
-248
-246
-95
-92
58
59
211
214
364
367
514
518
665
667
810
815
956
959
1097
1100
1231
1238
1367
1374
1494
1503
1619
1626
1739
1745
1852
1858
1958
1964
2057
2065
2151
2159
2236
2246
2315
2324
2386
2396
2450
2459
2506
2514
2551
2561
2591
2600
2621
2629
2640
2650
2653
2662
2659
2667
2652
2660
2639
2647
2616
2624
2585
2592
2544
2551
2495
2504
2440
2446
2374
2381
2302
2308
2221
2227
2134
2139
2038
2044
1937
1942
1829
1833
1714
1720
1595
1598
1469
1473
1341
1342
1205
1208
1067
1070
923
927
781
783
634
633
485
482
331
331
179
178
27
24
-126
-129
-279
-284
-431
-434
-581
-586
-728
-733
-874
-880
-1019
-1023
-1158
-1164
-1295
-1301
-1424
-1433
-1550
-1558
-1675
-1682
-1789
-1797
-1900
-1907
-2004
-2012
-2100
-2109
-2192
-2199
-2276
-2281
-2349
-2358
-2416
-2426
-2476
-2485
-2528
-2537
-2570
-2581
-2607
-2615
-2631
-2640
-2647
-2657
-2657
-2666
-2655
-2665
-2646
-2654
-2629
-2637
-2603
-2611
-2566
-2574
-2522
-2530
-2470
-2478
-2410
-2416
-2343
-2348
-2267
-2272
-2183
-2187
-2090
-2095
-1993
-1997
-1889
-1893
-1778
-1782
-1661
-1664
-1539
-1543
-1412
-1415
-1282
-1281
-1146
-1146
-1004
-1004
-861
-861
-714
-713
-565
-565
-416
-414
-264
-260
-110
-107
42
46
195
200
349
351
498
504
649
653
796
801
943
948
1085
1086
1219
1227
1355
1360
1485
1490
1609
1615
1726
1735
1841
1849
1947
1956
2049
2057
2143
2151
2231
2238
2310
2319
2382
2391
2447
2454
2501
2511
2548
2558
2587
2596
2619
2628
2641
2649
2653
2661
2657
2667
2655
2662
2640
2647
2618
2626
2588
2596
2546
2555
2499
2507
2442
2450
2379
2386
2307
2312
2228
2233
2141
2146
2047
2051
1946
1950
1838
1843
1725
1727
1607
1608
1481
1484
1352
1353
1218
1220
1080
1080
939
939
792
794
647
646
497
496
345
344
195
192
40
39
-113
-116
-266
-269
-417
-420
-566
-571
-716
-720
-862
-867
-1005
-1011
-1145
-1151
-1281
-1287
-1413
-1420
-1541
-1547
-1663
-1670
-1780
-1787
-1891
-1897
-1995
-2004
-2094
-2102
-2183
-2192
-2267
-2275
-2343
-2352
-2411
-2421
-2472
-2481
-2523
-2533
-2568
-2577
-2603
-2614
-2629
-2639
-2647
-2656
-2656
-2665
-2656
-2666
-2647
-2657
-2631
-2640
-2605
-2614
-2571
-2578
-2527
-2535
-2474
-2483
-2415
-2423
-2347
-2355
-2272
-2278
-2191
-2196
-2098
-2104
-2001
-2007
-1897
-1903
-1788
-1792
-1671
-1675
-1548
-1554
-1422
-1427
-1292
-1294
-1155
-1156
-1017
-1017
-875
-874
-728
-728
-578
-579
-429
-428
-277
-276
-124
-122
28
30
183
183
334
337
485
489
636
639
781
786
927
933
1072
1075
1204
1213
1342
1348
1471
1478
1596
1605
-474
-476
-622
-626
-769
-774
-916
-920
-1058
-1062
-1196
-1201
-1331
-1337
-1461
-1467
2439
2448
2495
2507
2544
2555
2584
2595
2616
2626
2640
2649
2653
2662
2660
2667
2655
2664
2642
2651
2622
2630
2590
2599
2554
2561
2507
2513
2452
2459
2385
2394
2315
2322
2236
2242
2149
2155
2056
2062
1955
1961
1849
1853
1736
1740
1617
1622
1491
1495
1364
1366
1230
1232
1093
1092
953
952
806
807
660
660
510
510
359
358
207
205
55
52
-100
-102
-252
-254
-402
-406
-552
-557
-703
-707
-523
-522
-371
-371
-1419
-1427
-1546
-1554
-1667
-1675
-1783
-1791
-1895
-1903
855
861
998
1005
1138
1145
1277
1282
1408
1416
1535
1543
1658
-402
-549
-553
-2568
-2579
-2604
-2614
-2629
-2640
-2646
-2656
-2657
-2666
-2657
-2666
-2648
-2657
-2630
-2640
-2603
-2613
-2569
-2578
-2525
-2534
-2473
-2482
-2414
-2422
-2345
-2354
-2270
-2278
-2186
-2193
-2095
-2103
-1999
-2005
-1894
-1900
-1782
-1789
-1667
-1672
-1546
-1551
-1417
-1421
-1286
-1290
-1150
-1154
-1010
-1012
-867
-869
-721
-723
-572
-573
-422
-423
-270
-270
-118
-117
36
37
188
190
340
342
492
494
642
644
788
792
935
937
1078
1079
1212
1217
1348
1352
1476
1482
1602
1608
1720
1728
1837
1840
1941
1950
2043
2050
2138
2145
2224
2234
2304
2312
2378
2385
2442
2449
2498
2505
2547
2554
2584
2594
2616
2626
2640
2647
2653
2661
2658
2664
2654
2660
2640
2649
2619
2626
2589
2596
2552
2557
2503
2509
2449
2454
2384
2389
2310
2318
2233
2238
2146
2151
2053
2057
1952
1956
1847
1848
1732
1735
1612
1614
1489
1489
1360
1361
1226
1226
1086
1089
946
947
802
802
656
653
504
504
354
353
202
200
49
47
-104
-107
-257
-262
-409
-415
-560
-564
-708
-713
-855
-862
-997
-1004
-1139
-1144
-1273
-1281
-1406
-1414
-1533
-1541
-1657
-1665
-1775
-1781
-1884
-1892
-1988
-1997
-2086
-2095
-2179
-2188
-2262
-2272
-2338
-2348
-2408
-2416
-2469
-2477
-2521
-2531
-2563
-2575
-2600
-2611
-2626
-2636
-2645
-2656
-2655
-2664
-2655
-2665
-2650
-2657
-2631
-2640
-2604
-2613
-2570
-2581
-2528
-2537
-2477
-2485
-2417
-2424
-2350
-2358
-2276
-2283
-2193
-2199
-2104
-2110
-2007
-2012
-1903
-1908
-1794
-1798
-1678
-1681
-1556
-1559
-1429
-1431
-1298
-1301
-1163
-1165
-1024
-1025
-880
-881
-735
-735
-587
-587
-436
-435
-285
-283
-132
-131
21
23
174
177
327
330
479
481
629
631
775
778
920
925
1065
1066
1200
1205
1336
1341
1466
1471
1592
1597
1711
1718
1825
1831
1933
1939
2034
2043
2129
2138
2217
2225
2297
2307
2371
2379
2437
2444
2491
2502
2542
2550
2584
2592
2615
2624
2638
2646
2653
2661
2656
2665
2653
2661
2641
2649
2621
2629
2591
2598
2554
2560
2507
2514
2452
2459
2388
2396
2316
2323
2238
2244
2152
2159
2058
2065
1960
1964
1853
1857
1741
1744
1621
1626
1498
1500
1369
1372
1237
1238
1097
1099
957
957
814
815
668
667
518
517
368
367
214
214
63
60
-91
-94
-243
-247
-395
-399
-545
-551
-694
-700
-842
-847
-986
-991
-1126
-1132
-1263
-1270
-1395
-1402
-1523
-1531
-1646
-1655
-1765
-1772
-1875
-1882
-1982
-1989
-2079
-2088
-2171
-2180
-2255
-2265
-2334
-2342
-2403
-2411
-2465
-2474
-2517
-2527
-2563
-2571
-2600
-2608
-2627
-2637
-2646
-2655
-2656
-2664
-2658
-2667
-2651
-2661
-2636
-2644
-2610
-2619
-2576
-2584
-2534
-2542
-2484
-2492
-2425
-2432
-2360
-2366
-2284
-2291
-2202
-2209
-2112
-2118
-2017
-2021
-1916
-1919
-1805
-1809
-1690
-1693
-1569
-1571
-1441
-1445
-1311
-1313
-1176
-1178
-1037
-1037
-893
-895
-749
-749
-601
-601
-450
-450
-299
-297
-146
-144
6
8
160
163
313
316
464
468
614
616
760
765
907
910
1049
1054
1189
1194
1323
1329
1455
1460
1579
1585
1699
1705
1812
1821
1922
1929
2024
2034
2121
2129
2210
2218
2292
2301
2365
2373
2429
2439
2487
2497
2539
2547
2579
2588
2612
2621
2636
2644
2652
2659
2658
2666
2655
2663
2643
2651
2624
2632
2595
2603
2557
2566
2511
2520
2458
2464
2396
2402
2326
2330
2246
2253
2160
2167
2069
2074
1969
1974
1862
1867
1751
1755
1634
1637
1509
1512
1382
1382
1249
1250
1110
1112
969
971
828
828
680
680
530
530
381
379
227
228
75
74
-78
-80
-231
-234
-382
-387
-533
-538
-683
-687
-828
-834
